theta ddot: [-7929.47236249 12710.2538336  -2024.46298494] V: [-0.  0.  0.] G: [11.43838282  5.3329005   1.20701818] M: [[0.48412771 0.31351257 0.07774182]
 [0.31351257 0.20358952 0.05286247]
 [0.07774182 0.05286247 0.02798312]]
link 0 theta: 0.0 theta dot: 0.0 theta ref: 0.0 theta dot ref: 0.0
link 1 theta: -0.0009911840453112053 theta dot: -3.964736181244821 theta ref: 1.5707963267948966 theta dot ref: 0.0
link 2 theta: 0.0015887817292005117 theta dot: 6.355126916802046 theta ref: 1.9634954084936207 theta dot ref: 0.0
link 3 theta: -0.0002530578731180743 theta dot: -1.0122314924722973 theta ref: 1.5707963267948966 theta dot ref: 0.0
link 4 theta: 0.0 theta dot: 0.0 theta ref: 0.0 theta dot ref: 0.0
theta ddot: [-125009.99045351  200643.126227    -31061.46849147] V: [-0.00679917  0.00264628  0.00042341] G: [11.43837901  5.33289969  1.2070181 ] M: [[0.48412749 0.31351244 0.0777418 ]
 [0.31351244 0.20358952 0.05286247]
 [0.0777418  0.05286247 0.02798312]]
link 0 theta: 0.0 theta dot: 0.0 theta ref: 0.0 theta dot ref: 0.0
link 1 theta: -0.018599800942622608 theta dot: -66.46973140800078 theta ref: 1.5707963267948966 theta dot ref: 0.0
link 2 theta: 0.02984673596597616 theta dot: 106.67669003030055 theta ref: 1.9634954084936207 theta dot ref: 0.0
link 3 theta: -0.0046418571807877625 theta dot: -16.54296573820645 theta ref: 1.5707963267948966 theta dot ref: 0.0
link 4 theta: 0.0 theta dot: 0.0 theta ref: 0.0 theta dot ref: 0.0
theta ddot: [ 153922.389366   -247929.74002944   41371.20381305] V: [-36.0164633   13.98330557   2.26004908] G: [11.43703947  5.33261322  1.20699185] M: [[0.48405078 0.31346626 0.07773365]
 [0.31346626 0.20358898 0.0528622 ]
 [0.07773365 0.0528622  0.02798312]]
link 0 theta: 0.0 theta dot: 0.0 theta ref: 0.0 theta dot ref: 0.0
link 1 theta: -0.03259436797587328 theta dot: 10.491463274998125 theta ref: 1.5707963267948966 theta dot ref: 0.0
link 2 theta: 0.052193863477446936 theta dot: -17.288179984417425 theta ref: 1.9634954084936207 theta dot ref: 0.0
link 3 theta: -0.007741939573260249 theta dot: 4.142636168316503 theta ref: 1.5707963267948966 theta dot ref: 0.0
link 4 theta: 0.0 theta dot: 0.0 theta ref: 0.0 theta dot ref: 0.0
theta ddot: [-78552.40372211 125928.05572603 -19056.6172855 ] V: [-1.65649358  0.61004706  0.10049007] G: [11.43426261  5.33202321  1.20693332] M: [[0.48389259 0.31337069 0.0777165 ]
 [0.31337069 0.20358803 0.05286172]
 [0.0777165  0.05286172 0.02798312]]
link 0 theta: 0.0 theta dot: 0.0 theta ref: 0.0 theta dot ref: 0.0
link 1 theta: -0.03716768680363803 theta dot: -28.78473858605713 theta ref: 1.5707963267948966 theta dot ref: 0.0
link 2 theta: 0.059290780450991516 theta dot: 45.675847878595754 theta ref: 1.9634954084936207 theta dot ref: 0.0
link 3 theta: -0.008052698649789181 theta dot: -5.385672474432237 theta ref: 1.5707963267948966 theta dot ref: 0.0
link 4 theta: 0.0 theta dot: 0.0 theta ref: 0.0 theta dot ref: 0.0
theta ddot: [-43202.76870059  69125.34381429  -9968.89465882] V: [-13.17188606   5.23117572   0.88976608] G: [11.43303703  5.33177139  1.2068987 ] M: [[0.48382456 0.31332887 0.07770837]
 [0.31332887 0.20358791 0.05286166]
 [0.07770837 0.05286166 0.02798312]]
link 0 theta: 0.0 theta dot: 0.0 theta ref: 0.0 theta dot ref: 0.0
link 1 theta: -0.0569604021842406 theta dot: -50.38612293635317 theta ref: 1.5707963267948966 theta dot ref: 0.0
link 2 theta: 0.09076937236707583 theta dot: 80.23851978574149 theta ref: 1.9634954084936207 theta dot ref: 0.0
link 3 theta: -0.011991646719358127 theta dot: -10.370119803843547 theta ref: 1.5707963267948966 theta dot ref: 0.0
link 4 theta: 0.0 theta dot: 0.0 theta ref: 0.0 theta dot ref: 0.0
theta ddot: [ 49072.05217975 -79067.7058962   13689.54445092] V: [-62.23621074  24.54139298   4.21326515] G: [11.42583584  5.33025543  1.20673092] M: [[0.48341764 0.31308173 0.07766288]
 [0.31308173 0.20358594 0.05286068]
 [0.07766288 0.05286068 0.02798312]]
link 0 theta: 0.0 theta dot: 0.0 theta ref: 0.0 theta dot ref: 0.0
link 1 theta: -0.07601945712994818 theta dot: -25.85009684647712 theta ref: 1.5707963267948966 theta dot ref: 0.0
link 2 theta: 0.12100516902292156 theta dot: 40.70466683764144 theta ref: 1.9634954084936207 theta dot ref: 0.0
link 3 theta: -0.015465513564915195 theta dot: -3.525347578384727 theta ref: 1.5707963267948966 theta dot ref: 0.0
link 4 theta: 0.0 theta dot: 0.0 theta ref: 0.0 theta dot ref: 0.0
theta ddot: [-10175.4361955   16042.5277915   -1468.11949539] V: [-21.35128496   8.61112625   1.49424356] G: [11.41604966  5.32820051  1.20649229] M: [[0.48286675 0.31274633 0.07760042]
 [0.31274633 0.20358357 0.05285949]
 [0.07760042 0.05285949 0.02798312]]
link 0 theta: 0.0 theta dot: 0.0 theta ref: 0.0 theta dot ref: 0.0
link 1 theta: -0.09021643507762414 theta dot: -30.937814944226723 theta ref: 1.5707963267948966 theta dot ref: 0.0
link 2 theta: 0.14336281841567994 theta dot: 48.725930733392076 theta ref: 1.9634954084936207 theta dot ref: 0.0
link 3 theta: -0.017411702291031003 theta dot: -4.259407326078507 theta ref: 1.5707963267948966 theta dot ref: 0.0
link 4 theta: 0.0 theta dot: 0.0 theta ref: 0.0 theta dot ref: 0.0
theta ddot: [ 4496.87834861 -7489.33299442  2265.68934211] V: [-36.26778568  14.62109936   2.57677169] G: [11.40695732  5.32630443  1.2062476 ] M: [[0.48235918 0.3124355  0.07754097]
 [0.3124355  0.20358198 0.0528587 ]
 [0.07754097 0.0528587  0.02798312]]
link 0 theta: 0.0 theta dot: 0.0 theta ref: 0.0 theta dot ref: 0.0
link 1 theta: -0.10512323275616141 theta dot: -28.68937576992236 theta ref: 1.5707963267948966 theta dot ref: 0.0
link 2 theta: 0.1667896171580739 theta dot: 44.98126423618366 theta ref: 1.9634954084936207 theta dot ref: 0.0
link 3 theta: -0.019258194786306786 theta dot: -3.126562655024631 theta ref: 1.5707963267948966 theta dot ref: 0.0
link 4 theta: 0.0 theta dot: 0.0 theta ref: 0.0 theta dot ref: 0.0
theta ddot: [ 3375.77426879 -5687.14027647  1975.38303447] V: [-35.96626524  14.63100725   2.61581841] G: [11.39575078  5.32397293  1.20593295] M: [[0.4817361  0.31205291 0.07746694]
 [0.31205291 0.20358029 0.05285786]
 [0.07746694 0.05285786 0.02798312]]
link 0 theta: 0.0 theta dot: 0.0 theta ref: 0.0 theta dot ref: 0.0
link 1 theta: -0.11904594885752329 theta dot: -27.001488635525135 theta ref: 1.5707963267948966 theta dot ref: 0.0
link 2 theta: 0.18856935674160732 theta dot: 42.13769409795006 theta ref: 1.9634954084936207 theta dot ref: 0.0
link 3 theta: -0.020574553234510712 theta dot: -2.1388711377910643 theta ref: 1.5707963267948966 theta dot ref: 0.0
link 4 theta: 0.0 theta dot: 0.0 theta ref: 0.0 theta dot ref: 0.0
theta ddot: [ 2643.51280939 -4510.19269262  1785.33128899] V: [-35.69234414  14.65578064   2.65977627] G: [11.38375769  5.32148756  1.20557246] M: [[0.48107353 0.31164426 0.07738631]
 [0.31164426 0.20357899 0.0528572 ]
 [0.07738631 0.0528572  0.02798312]]
link 0 theta: 0.0 theta dot: 0.0 theta ref: 0.0 theta dot ref: 0.0
link 1 theta: -0.13221625407411197 theta dot: -25.679732230829632 theta ref: 1.5707963267948966 theta dot ref: 0.0
link 2 theta: 0.20907442970400433 theta dot: 39.882597751638016 theta ref: 1.9634954084936207 theta dot ref: 0.0
link 3 theta: -0.021420822392281897 theta dot: -1.246205493293679 theta ref: 1.5707963267948966 theta dot ref: 0.0
link 4 theta: 0.0 theta dot: 0.0 theta ref: 0.0 theta dot ref: 0.0
theta ddot: [ 2145.7489016  -3710.19177671  1655.61439523] V: [-35.45902205  14.70079627   2.70931364] G: [11.37106067  5.31886604  1.20516389] M: [[0.48037673 0.31121243 0.07729935]
 [0.31121243 0.20357811 0.05285676]
 [0.07729935 0.05285676 0.02798312]]
link 0 theta: 0.0 theta dot: 0.0 theta ref: 0.0 theta dot ref: 0.0
link 1 theta: -0.14478790157682656 theta dot: -24.60685778002868 theta ref: 1.5707963267948966 theta dot ref: 0.0
link 2 theta: 0.2285519546077346 theta dot: 38.02750186328296 theta ref: 1.9634954084936207 theta dot ref: 0.0
link 3 theta: -0.0218369733395248 theta dot: -0.41839829567793807 theta ref: 1.5707963267948966 theta dot ref: 0.0
link 4 theta: 0.0 theta dot: 0.0 theta ref: 0.0 theta dot ref: 0.0
theta ddot: [ 1788.21482385 -3135.60287634  1561.94649092] V: [-35.24776154  14.75870552   2.76296939] G: [11.3577186   5.31612081  1.20470448] M: [[0.47964958 0.31075952 0.07720622]
 [0.31075952 0.20357766 0.05285654]
 [0.07720622 0.05285654 0.02798312]]
link 0 theta: 0.0 theta dot: 0.0 theta ref: 0.0 theta dot ref: 0.0
link 1 theta: -0.1568678036138602 theta dot: -23.71275036810592 theta ref: 1.5707963267948966 theta dot ref: 0.0
link 2 theta: 0.24717375517983317 theta dot: 36.459700425111365 theta ref: 1.9634954084936207 theta dot ref: 0.0
link 3 theta: -0.02185092917599817 theta dot: 0.36257494978446503 theta ref: 1.5707963267948966 theta dot ref: 0.0
link 4 theta: 0.0 theta dot: 0.0 theta ref: 0.0 theta dot ref: 0.0
theta ddot: [ 1520.45579664 -2705.32148222  1491.32998809] V: [-35.04825198  14.8253184    2.81989438] G: [11.34377719  5.31326131  1.20419118] M: [[0.47889517 0.31028713 0.07710698]
 [0.31028713 0.20357764 0.05285653]
 [0.07710698 0.05285653 0.02798312]]
link 0 theta: 0.0 theta dot: 0.0 theta ref: 0.0 theta dot ref: 0.0
link 1 theta: -0.16853412182333322 theta dot: -22.952522469786125 theta ref: 1.5707963267948966 theta dot ref: 0.0
link 2 theta: 0.26506544020711165 theta dot: 35.10703968400249 theta ref: 1.9634954084936207 theta dot ref: 0.0
link 3 theta: -0.021483225452594595 theta dot: 1.1082399438298238 theta ref: 1.5707963267948966 theta dot ref: 0.0
link 4 theta: 0.0 theta dot: 0.0 theta ref: 0.0 theta dot ref: 0.0
theta ddot: [ 1313.34478975 -2372.52590955  1436.2606607 ] V: [-34.8546304   14.89816926   2.87957337] G: [11.32927289  5.31029482  1.20362068] M: [[0.47811605 0.30979654 0.07700165]
 [0.30979654 0.20357804 0.05285673]
 [0.07700165 0.05285673 0.02798312]]
link 0 theta: 0.0 theta dot: 0.0 theta ref: 0.0 theta dot ref: 0.0
link 1 theta: -0.17984621495950787 theta dot: -22.29585007491246 theta ref: 1.5707963267948966 theta dot ref: 0.0
link 2 theta: 0.28232239431041856 theta dot: 33.92077672922512 theta ref: 1.9634954084936207 theta dot ref: 0.0
link 3 theta: -0.02074957289809175 theta dot: 1.8263702741815595 theta ref: 1.5707963267948966 theta dot ref: 0.0
link 4 theta: 0.0 theta dot: 0.0 theta ref: 0.0 theta dot ref: 0.0
theta ddot: [ 1148.97399497 -2108.42848875  1392.1238808 ] V: [-34.66339143  14.97571428   2.94167154] G: [11.3142353   5.30722701  1.20298944] M: [[0.47731435 0.30928878 0.07689018]
 [0.30928878 0.20357881 0.05285711]
 [0.07689018 0.05285711 0.02798312]]
link 0 theta: 0.0 theta dot: 0.0 theta ref: 0.0 theta dot ref: 0.0
link 1 theta: -0.19085051824759316 theta dot: -21.72136307742875 theta ref: 1.5707963267948966 theta dot ref: 0.0
link 2 theta: 0.2990192291139374 theta dot: 32.86656248485041 theta ref: 1.9634954084936207 theta dot ref: 0.0
link 3 theta: -0.019662372275901126 theta dot: 2.5224322145809355 theta ref: 1.5707963267948966 theta dot ref: 0.0
link 4 theta: 0.0 theta dot: 0.0 theta ref: 0.0 theta dot ref: 0.0
theta ddot: [ 1015.76490399 -1894.41546     1355.93518634] V: [-34.47234636  15.05692987   3.0059572 ] G: [11.29868883  5.30406221  1.20229375] M: [[0.4764919  0.30876471 0.07677252]
 [0.30876471 0.2035799  0.05285766]
 [0.07677252 0.05285766 0.02798312]]
link 0 theta: 0.0 theta dot: 0.0 theta ref: 0.0 theta dot ref: 0.0
link 1 theta: -0.2015842291733094 theta dot: -21.213480625436226 theta ref: 1.5707963267948966 theta dot ref: 0.0
link 2 theta: 0.3152157084238627 theta dot: 31.919354754850836 theta ref: 1.9634954084936207 theta dot ref: 0.0
link 3 theta: -0.01823166427031874 theta dot: 3.200399807748609 theta ref: 1.5707963267948966 theta dot ref: 0.0
link 4 theta: 0.0 theta dot: 0.0 theta ref: 0.0 theta dot ref: 0.0
theta ddot: [  905.91900379 -1717.9491985   1325.68370054] V: [-34.28008046  15.14110213   3.07226087] G: [11.2826538   5.30080377  1.20152973] M: [[0.47565027 0.30822503 0.07664856]
 [0.30822503 0.20358125 0.05285833]
 [0.07664856 0.05285833 0.02798312]]
link 0 theta: 0.0 theta dot: 0.0 theta ref: 0.0 theta dot ref: 0.0
link 1 theta: -0.21207772961055402 theta dot: -20.760521123542286 theta ref: 1.5707963267948966 theta dot ref: 0.0
link 2 theta: 0.3309606421514761 theta dot: 31.060380155602612 theta ref: 1.9634954084936207 theta dot ref: 0.0
link 3 theta: -0.01646575390387635 theta dot: 3.863241658020963 theta ref: 1.5707963267948966 theta dot ref: 0.0
link 4 theta: 0.0 theta dot: 0.0 theta ref: 0.0 theta dot ref: 0.0
theta ddot: [  814.00317564 -1570.29436116  1299.96779574] V: [-34.0856546   15.22771033   3.14045242] G: [11.26614727  5.29745413  1.20069334] M: [[0.47479084 0.30767029 0.07651819]
 [0.30767029 0.20358278 0.0528591 ]
 [0.07651819 0.0528591  0.02798312]]
link 0 theta: 0.0 theta dot: 0.0 theta ref: 0.0 theta dot ref: 0.0
link 1 theta: -0.22235623977537072 theta dot: -20.353519535724505 theta ref: 1.5707963267948966 theta dot ref: 0.0
link 2 theta: 0.3462945454341327 theta dot: 30.275232975023858 theta ref: 1.9634954084936207 theta dot ref: 0.0
link 3 theta: -0.014371637100398533 theta dot: 4.513225555890296 theta ref: 1.5707963267948966 theta dot ref: 0.0
link 4 theta: 0.0 theta dot: 0.0 theta ref: 0.0 theta dot ref: 0.0
theta ddot: [  736.12313768 -1445.18925557  1277.78220861] V: [-33.88843329  15.31635911   3.21042745] G: [11.24918366  5.29401502  1.19978038] M: [[0.47391483 0.30710099 0.07638128]
 [0.30710099 0.20358438 0.0528599 ]
 [0.07638128 0.0528599  0.02798312]]
link 0 theta: 0.0 theta dot: 0.0 theta ref: 0.0 theta dot ref: 0.0
link 1 theta: -0.23244098415102304 theta dot: -19.985457966884827 theta ref: 1.5707963267948966 theta dot ref: 0.0
link 2 theta: 0.36125151326469845 theta dot: 29.55263834723924 theta ref: 1.9634954084936207 theta dot ref: 0.0
link 3 theta: -0.011955301546377497 theta dot: 5.1521166601938475 theta ref: 1.5707963267948966 theta dot ref: 0.0
link 4 theta: 0.0 theta dot: 0.0 theta ref: 0.0 theta dot ref: 0.0
theta ddot: [  669.4191347  -1338.03519178  1258.38815186] V: [-33.68798138  15.40673736   3.28209898] G: [11.23177515  5.29048753  1.19878655] M: [[0.4730233  0.30651752 0.07623768]
 [0.30651752 0.20358596 0.05286069]
 [0.07623768 0.05286069 0.02798312]]
link 0 theta: 0.0 theta dot: 0.0 theta ref: 0.0 theta dot ref: 0.0
link 1 theta: -0.24235003574262795 theta dot: -19.6507483995348 theta ref: 1.5707963267948966 theta dot ref: 0.0
link 2 theta: 0.37586057803934575 theta dot: 28.883620751349888 theta ref: 1.9634954084936207 theta dot ref: 0.0
link 3 theta: -0.009221944697298631 theta dot: 5.781310736121618 theta ref: 1.5707963267948966 theta dot ref: 0.0
link 4 theta: 0.0 theta dot: 0.0 theta ref: 0.0 theta dot ref: 0.0
theta ddot: [  611.74673132 -1245.38337284  1241.23110106] V: [-33.48399981  15.49859227   3.35539202] G: [11.2139321   5.28687222  1.19770737] M: [[0.4721172  0.30592019 0.07608722]
 [0.30592019 0.2035874  0.05286141]
 [0.07608722 0.05286141 0.02798312]]
link 0 theta: 0.0 theta dot: 0.0 theta ref: 0.0 theta dot ref: 0.0
link 1 theta: -0.25209894160098045 theta dot: -19.344875033875276 theta ref: 1.5707963267948966 theta dot ref: 0.0
link 2 theta: 0.3901467154934154 theta dot: 28.26092906492863 theta ref: 1.9634954084936207 theta dot ref: 0.0
link 3 theta: -0.006176135441604955 theta dot: 6.401926286653086 theta ref: 1.5707963267948966 theta dot ref: 0.0
link 4 theta: 0.0 theta dot: 0.0 theta ref: 0.0 theta dot ref: 0.0
theta ddot: [  561.46828785 -1164.59969996  1225.88708955] V: [-33.27628452  15.59171243   3.43023999] G: [11.19566327  5.28316913  1.19653828] M: [[0.47119741 0.30530927 0.07592975]
 [0.30530927 0.20358857 0.05286199]
 [0.07592975 0.05286199 0.02798312]]
link 0 theta: 0.0 theta dot: 0.0 theta ref: 0.0 theta dot ref: 0.0
link 1 theta: -0.26170119558193644 theta dot: -19.064140889948778 theta ref: 1.5707963267948966 theta dot ref: 0.0
link 2 theta: 0.40413160506338414 theta dot: 27.67862921494632 theta ref: 1.9634954084936207 theta dot ref: 0.0
link 3 theta: -0.0028219364120847744 theta dot: 7.014869831427638 theta ref: 1.5707963267948966 theta dot ref: 0.0
link 4 theta: 0.0 theta dot: 0.0 theta ref: 0.0 theta dot ref: 0.0
theta ddot: [  517.31295192 -1093.63971275  1212.02665092] V: [-33.06469938  15.68591657   3.50658224] G: [11.17697608  5.27937789  1.19527456] M: [[0.47026468 0.30468495 0.07576506]
 [0.30468495 0.20358932 0.05286237]
 [0.07576506 0.05286237 0.02798312]]
link 0 theta: 0.0 theta dot: 0.0 theta ref: 0.0 theta dot ref: 0.0
link 1 theta: -0.27116860190792114 theta dot: -18.80548441398998 theta ref: 1.5707963267948966 theta dot ref: 0.0
link 2 theta: 0.417834214706764 theta dot: 27.131809358573214 theta ref: 1.9634954084936207 theta dot ref: 0.0
link 3 theta: 0.0008370018349935855 theta dot: 7.620883156885803 theta ref: 1.5707963267948966 theta dot ref: 0.0
link 4 theta: 0.0 theta dot: 0.0 theta ref: 0.0 theta dot ref: 0.0
theta ddot: [  478.28036361 -1030.89379708  1199.3900212 ] V: [-32.84915804  15.78104575   3.58436234] G: [11.15787675  5.2754977   1.19391141] M: [[0.4693197  0.30404741 0.07559298]
 [0.30404741 0.2035895  0.05286246]
 [0.07559298 0.05286246 0.02798312]]
link 0 theta: 0.0 theta dot: 0.0 theta ref: 0.0 theta dot ref: 0.0
link 1 theta: -0.28051155906946434 theta dot: -18.56634423218282 theta ref: 1.5707963267948966 theta dot ref: 0.0
link 2 theta: 0.43127125766141566 theta dot: 26.616362460033343 theta ref: 1.9634954084936207 theta dot ref: 0.0
link 3 theta: 0.004797367166087007 theta dot: 8.220578167487883 theta ref: 1.5707963267948966 theta dot ref: 0.0
link 4 theta: 0.0 theta dot: 0.0 theta ref: 0.0 theta dot ref: 0.0
theta ddot: [ 443.57300109 -975.07843158 1187.76971832] V: [-32.62961145  15.87695796   3.66352676] G: [11.13837049  5.27152742  1.19244389] M: [[0.46836309 0.30339675 0.07541331]
 [0.30339675 0.20358895 0.05286218]
 [0.07541331 0.05286218 0.02798312]]
link 0 theta: 0.0 theta dot: 0.0 theta ref: 0.0 theta dot ref: 0.0
link 1 theta: -0.28973928456041903 theta dot: -18.344557731635877 theta ref: 1.5707963267948966 theta dot ref: 0.0
link 2 theta: 0.44445755408748433 theta dot: 26.128823244241335 theta ref: 1.9634954084936207 theta dot ref: 0.0
link 3 theta: 0.009056127464621193 theta dot: 8.814463026648864 theta ref: 1.5707963267948966 theta dot ref: 0.0
link 4 theta: 0.0 theta dot: 0.0 theta ref: 0.0 theta dot ref: 0.0
theta ddot: [ 412.54773801 -925.15831686 1176.99807026] V: [-32.40603921  15.97352415   3.74402396] G: [11.11846158  5.26746557  1.19086697] M: [[0.46739542 0.30273305 0.07522583]
 [0.30273305 0.20358748 0.05286145]
 [0.07522583 0.05286145 0.02798312]]
link 0 theta: 0.0 theta dot: 0.0 theta ref: 0.0 theta dot ref: 0.0
link 1 theta: -0.29885999495898574 theta dot: -18.138283862631027 theta ref: 1.5707963267948966 theta dot ref: 0.0
link 2 theta: 0.4574063209199972 theta dot: 25.666244085810185 theta ref: 1.9634954084936207 theta dot ref: 0.0
link 3 theta: 0.013610483736728601 theta dot: 9.402962061780773 theta ref: 1.5707963267948966 theta dot ref: 0.0
link 4 theta: 0.0 theta dot: 0.0 theta ref: 0.0 theta dot ref: 0.0
theta ddot: [ 384.68056218 -880.28966141 1166.9381336 ] V: [-32.17844335  16.07062546   3.82580365] G: [11.09815352  5.26331036  1.18917553] M: [[0.46641719 0.30205637 0.07503034]
 [0.30205637 0.20358491 0.05286017]
 [0.07503034 0.05286017 0.02798312]]
link 0 theta: 0.0 theta dot: 0.0 theta ref: 0.0 theta dot ref: 0.0
link 1 theta: -0.3078810518200293 theta dot: -17.94594358154314 theta ref: 1.5707963267948966 theta dot ref: 0.0
link 2 theta: 0.47012940675522613 theta dot: 25.22609925510549 theta ref: 1.9634954084936207 theta dot ref: 0.0
link 3 theta: 0.01845783203431935 theta dot: 9.986431128582215 theta ref: 1.5707963267948966 theta dot ref: 0.0
link 4 theta: 0.0 theta dot: 0.0 theta ref: 0.0 theta dot ref: 0.0
theta ddot: [ 359.5404824  -839.77823767 1157.4769789 ] V: [-31.94684402  16.16815102   3.90881628] G: [11.07744904  5.25905972  1.18736432] M: [[0.46542884 0.30136671 0.07482662]
 [0.30136671 0.20358104 0.05285823]
 [0.07482662 0.05285823 0.02798312]]
link 0 theta: 0.0 theta dot: 0.0 theta ref: 0.0 theta dot ref: 0.0
link 1 theta: -0.3168090810505011 theta dot: -17.76617334034413 theta ref: 1.5707963267948966 theta dot ref: 0.0
link 2 theta: 0.4826374841030699 theta dot: 24.806210136269474 theta ref: 1.9634954084936207 theta dot ref: 0.0
link 3 theta: 0.02359573222097238 theta dot: 10.565169618029909 theta ref: 1.5707963267948966 theta dot ref: 0.0
link 4 theta: 0.0 theta dot: 0.0 theta ref: 0.0 theta dot ref: 0.0
theta ddot: [ 336.76996029 -803.04792726 1148.520657  ] V: [-31.71127615  16.26599645   3.99301259] G: [11.05635026  5.2547113   1.18542804] M: [[0.46443079 0.30066407 0.07461446]
 [0.30066407 0.20357567 0.05285554]
 [0.07461446 0.05285554 0.02798312]]
link 0 theta: 0.0 theta dot: 0.0 theta ref: 0.0 theta dot ref: 0.0
link 1 theta: -0.3256500714756363 theta dot: -17.597788360196688 theta ref: 1.5707963267948966 theta dot ref: 0.0
link 2 theta: 0.49494020818029655 theta dot: 24.404686172637078 theta ref: 1.9634954084936207 theta dot ref: 0.0
link 3 theta: 0.02902188211211253 theta dot: 11.139429946530688 theta ref: 1.5707963267948966 theta dot ref: 0.0
link 4 theta: 0.0 theta dot: 0.0 theta ref: 0.0 theta dot ref: 0.0
theta ddot: [ 316.07004828 -769.6168316  1139.99037781] V: [-31.47178722  16.36406261   4.07834324] G: [11.0348587   5.2502625   1.18336126] M: [[0.46342339 0.29994841 0.07439362]
 [0.29994841 0.20356857 0.05285199]
 [0.07439362 0.05285199 0.02798312]]
link 0 theta: 0.0 theta dot: 0.0 theta ref: 0.0 theta dot ref: 0.0
link 1 theta: -0.3344094568996994 theta dot: -17.43975333605589 theta ref: 1.5707963267948966 theta dot ref: 0.0
link 2 theta: 0.5070463491626648 theta dot: 24.019877756835836 theta ref: 1.9634954084936207 theta dot ref: 0.0
link 3 theta: 0.034734095882604746 theta dot: 11.709425135438186 theta ref: 1.5707963267948966 theta dot ref: 0.0
link 4 theta: 0.0 theta dot: 0.0 theta ref: 0.0 theta dot ref: 0.0
theta ddot: [ 297.18897026 -739.07891695 1131.81957594] V: [-31.22843539  16.46225468   4.16475861] G: [11.01297535  5.24571052  1.18115851] M: [[0.46240698 0.29921966 0.07416389]
 [0.29921966 0.20355951 0.05284746]
 [0.07416389 0.05284746 0.02798312]]
link 0 theta: 0.0 theta dot: 0.0 theta ref: 0.0 theta dot ref: 0.0
link 1 theta: -0.34309218494644433 theta dot: -17.29115885092377 theta ref: 1.5707963267948966 theta dot ref: 0.0
link 2 theta: 0.5189639031764643 theta dot: 23.650338298362524 theta ref: 1.9634954084936207 theta dot ref: 0.0
link 3 theta: 0.0407302858973167 theta dot: 12.275334923409629 theta ref: 1.5707963267948966 theta dot ref: 0.0
link 4 theta: 0.0 theta dot: 0.0 theta ref: 0.0 theta dot ref: 0.0
theta ddot: [ 279.91325365 -711.08976094 1123.95163372] V: [-30.98128823  16.56048146   4.25220847] G: [10.99070073  5.24105229  1.17881421] M: [[0.46138184 0.29847775 0.07392504]
 [0.29847775 0.20354825 0.05284184]
 [0.07392504 0.05284184 0.02798312]]
link 0 theta: 0.0 theta dot: 0.0 theta ref: 0.0 theta dot ref: 0.0
link 1 theta: -0.3517027752151994 theta dot: -17.151202224096387 theta ref: 1.5707963267948966 theta dot ref: 0.0
link 2 theta: 0.5307001861055276 theta dot: 23.294793417890713 theta ref: 1.9634954084936207 theta dot ref: 0.0
link 3 theta: 0.047008447313235925 theta dot: 12.83731074026727 theta ref: 1.5707963267948966 theta dot ref: 0.0
link 4 theta: 0.0 theta dot: 0.0 theta ref: 0.0 theta dot ref: 0.0
theta ddot: [ 264.0607748  -685.35537519 1116.33809719] V: [-30.73042171  16.65865478   4.34064193] G: [10.96803488  5.23628456  1.17632274] M: [[0.46034822 0.29772257 0.07367682]
 [0.29772257 0.20353455 0.05283499]
 [0.07367682 0.05283499 0.02798312]]
link 0 theta: 0.0 theta dot: 0.0 theta ref: 0.0 theta dot ref: 0.0
link 1 theta: -0.3602453687303979 theta dot: -17.019171836697673 theta ref: 1.5707963267948966 theta dot ref: 0.0
link 2 theta: 0.5422619133925737 theta dot: 22.95211573029363 theta ref: 1.9634954084936207 theta dot ref: 0.0
link 3 theta: 0.05356664494551873 theta dot: 13.39547978886394 theta ref: 1.5707963267948966 theta dot ref: 0.0
link 4 theta: 0.0 theta dot: 0.0 theta ref: 0.0 theta dot ref: 0.0
theta ddot: [ 249.47525527 -661.62336031 1108.93726602] V: [-30.4759194   16.75668913   4.43000717] G: [10.9449775   5.2314039   1.17367838] M: [[0.45930634 0.29695402 0.07341902]
 [0.29695402 0.20351815 0.05282678]
 [0.07341902 0.05282678 0.02798312]]
link 0 theta: 0.0 theta dot: 0.0 theta ref: 0.0 theta dot ref: 0.0
link 1 theta: -0.36872377024183756 theta dot: -16.894434209060783 theta ref: 1.5707963267948966 theta dot ref: 0.0
link 2 theta: 0.553655268337682 theta dot: 22.62130405013966 theta ref: 1.9634954084936207 theta dot ref: 0.0
link 3 theta: 0.06040300199820318 theta dot: 13.949948421873847 theta ref: 1.5707963267948966 theta dot ref: 0.0
link 4 theta: 0.0 theta dot: 0.0 theta ref: 0.0 theta dot ref: 0.0
theta ddot: [ 236.02186963 -639.67584774 1101.71306966] V: [-30.21787182  16.8545012    4.52025141] G: [10.92152786  5.22640666  1.17087539] M: [[0.4582564  0.29617195 0.0731514 ]
 [0.29617195 0.20349878 0.0528171 ]
 [0.0731514  0.0528171  0.02798312]]
link 0 theta: 0.0 theta dot: 0.0 theta ref: 0.0 theta dot ref: 0.0
link 1 theta: -0.3771414846126644 theta dot: -16.776423274246557 theta ref: 1.5707963267948966 theta dot ref: 0.0
link 2 theta: 0.5648859608817843 theta dot: 22.301466126269688 theta ref: 1.9634954084936207 theta dot ref: 0.0
link 3 theta: 0.06751569034284723 theta dot: 14.500804956702371 theta ref: 1.5707963267948966 theta dot ref: 0.0
link 4 theta: 0.0 theta dot: 0.0 theta ref: 0.0 theta dot ref: 0.0
theta ddot: [ 223.58371257 -619.32382338 1094.6341651 ] V: [-29.95637603  16.95200974   4.61132076] G: [10.89768494  5.22128906  1.16790794] M: [[0.45719856 0.29537623 0.07287373]
 [0.29537623 0.20347615 0.05280579]
 [0.07287373 0.05280579 0.02798312]]
link 0 theta: 0.0 theta dot: 0.0 theta ref: 0.0 theta dot ref: 0.0
link 1 theta: -0.38550174828571604 theta dot: -16.664631417960116 theta ref: 1.5707963267948966 theta dot ref: 0.0
link 2 theta: 0.5759592784669961 theta dot: 21.991804214577446 theta ref: 1.9634954084936207 theta dot ref: 0.0
link 3 theta: 0.07490292209183584 theta dot: 15.048122039252066 theta ref: 1.5707963267948966 theta dot ref: 0.0
link 4 theta: 0.0 theta dot: 0.0 theta ref: 0.0 theta dot ref: 0.0
theta ddot: [ 212.05893672 -600.40252916 1087.67320737] V: [-29.6915351   17.04913525   4.70316015] G: [10.87344738  5.21604714  1.16477016] M: [[0.45613295 0.29456668 0.07258577]
 [0.29456668 0.20345    0.05279271]
 [0.07258577 0.05279271 0.02798312]]
link 0 theta: 0.0 theta dot: 0.0 theta ref: 0.0 theta dot ref: 0.0
link 1 theta: -0.3938075566276065 theta dot: -16.55860194960186 theta ref: 1.5707963267948966 theta dot ref: 0.0
link 2 theta: 0.5868801302581393 theta dot: 21.691602949995218 theta ref: 1.9634954084936207 theta dot ref: 0.0
link 3 theta: 0.08256294226238341 theta dot: 15.59195864293822 theta ref: 1.5707963267948966 theta dot ref: 0.0
link 4 theta: 0.0 theta dot: 0.0 theta ref: 0.0 theta dot ref: 0.0
theta ddot: [ 201.35841773 -582.76771257 1080.80625594] V: [-29.42345786  17.14579986   4.79571328] G: [10.84881356  5.21067679  1.16145617] M: [[0.45505968 0.29374314 0.0722873 ]
 [0.29374314 0.20342002 0.05277772]
 [0.0722873  0.05277772 0.02798312]]
link 0 theta: 0.0 theta dot: 0.0 theta ref: 0.0 theta dot ref: 0.0
link 1 theta: -0.4020616878001907 theta dot: -16.45792274073472 theta ref: 1.5707963267948966 theta dot ref: 0.0
link 2 theta: 0.5976530857690655 theta dot: 21.40021909370931 theta ref: 1.9634954084936207 theta dot ref: 0.0
link 3 theta: 0.09049402236584526 theta dot: 16.132361770909192 theta ref: 1.5707963267948966 theta dot ref: 0.0
link 4 theta: 0.0 theta dot: 0.0 theta ref: 0.0 theta dot ref: 0.0
theta ddot: [ 191.40383762 -566.29254835 1074.01228885] V: [-29.15225855  17.24192717   4.88892258] G: [10.82378158  5.20517375  1.15796002] M: [[0.45397885 0.29290543 0.07197808]
 [0.29290543 0.20338592 0.05276067]
 [0.07197808 0.05276067 0.02798312]]
link 0 theta: 0.0 theta dot: 0.0 theta ref: 0.0 theta dot ref: 0.0
link 1 theta: -0.4102667236908556 theta dot: -16.362220821924975 theta ref: 1.5707963267948966 theta dot ref: 0.0
link 2 theta: 0.6082824087473759 theta dot: 21.117072819532392 theta ref: 1.9634954084936207 theta dot ref: 0.0
link 3 theta: 0.09869445478740597 theta dot: 16.669367915333645 theta ref: 1.5707963267948966 theta dot ref: 0.0
link 4 theta: 0.0 theta dot: 0.0 theta ref: 0.0 theta dot ref: 0.0
theta ddot: [ 182.12610174 -550.86509684 1067.27280284] V: [-28.87805652  17.33744219   4.98272911] G: [10.79834932  5.19953367  1.15427575] M: [[0.4528905  0.29205335 0.07165789]
 [0.29205335 0.20334738 0.0527414 ]
 [0.07165789 0.0527414  0.02798312]]
link 0 theta: 0.0 theta dot: 0.0 theta ref: 0.0 theta dot ref: 0.0
link 1 theta: -0.4184250683391003 theta dot: -16.271157771053836 theta ref: 1.5707963267948966 theta dot ref: 0.0
link 2 theta: 0.6187720870200368 theta dot: 20.84164027111109 theta ref: 1.9634954084936207 theta dot ref: 0.0
link 3 theta: 0.10716254784542739 theta dot: 17.203004316752008 theta ref: 1.5707963267948966 theta dot ref: 0.0
link 4 theta: 0.0 theta dot: 0.0 theta ref: 0.0 theta dot ref: 0.0
theta ddot: [ 173.46402424 -536.38619365 1060.57148259] V: [-28.60097602  17.43227125   5.07707263] G: [10.77251442  5.19375204  1.15039737] M: [[0.4517947  0.29118669 0.07132651]
 [0.29118669 0.20330408 0.05271975]
 [0.07132651 0.05271975 0.02798312]]
link 0 theta: 0.0 theta dot: 0.0 theta ref: 0.0 theta dot ref: 0.0
link 1 theta: -0.4265389642215976 theta dot: -16.18442575893519 theta ref: 1.5707963267948966 theta dot ref: 0.0
link 2 theta: 0.6291258588813861 theta dot: 20.57344717428564 theta ref: 1.9634954084936207 theta dot ref: 0.0
link 3 theta: 0.11589662143912685 theta dot: 17.73329005804581 theta ref: 1.5707963267948966 theta dot ref: 0.0
link 4 theta: 0.0 theta dot: 0.0 theta ref: 0.0 theta dot ref: 0.0
theta ddot: [ 165.36323047 -522.76768832 1053.89392584] V: [-28.32114593  17.52634191   5.17189148] G: [10.74627435  5.18782427  1.14631888] M: [[0.45069145 0.29030526 0.0709837 ]
 [0.29030526 0.20325571 0.05269557]
 [0.0709837  0.05269557 0.02798312]]
link 0 theta: 0.0 theta dot: 0.0 theta ref: 0.0 theta dot ref: 0.0
link 1 theta: -0.43461050669725665 theta dot: -16.101744143700966 theta ref: 1.5707963267948966 theta dot ref: 0.0
link 2 theta: 0.6393472365074883 theta dot: 20.312063330123244 theta ref: 1.9634954084936207 theta dot ref: 0.0
link 3 theta: 0.1248950032088798 theta dot: 18.260237020965985 theta ref: 1.5707963267948966 theta dot ref: 0.0
link 4 theta: 0.0 theta dot: 0.0 theta ref: 0.0 theta dot ref: 0.0
theta ddot: [ 157.77523617 -509.93096698 1047.22741396] V: [-28.03869952  17.61958298   5.26712265] G: [10.71962637  5.18174565  1.14203427] M: [[0.44958076 0.28940884 0.07062926]
 [0.28940884 0.20320194 0.05266868]
 [0.07062926 0.05266868 0.02798312]]
link 0 theta: 0.0 theta dot: 0.0 theta ref: 0.0 theta dot ref: 0.0
link 1 theta: -0.442641656864586 theta dot: -16.022856525616366 theta ref: 1.5707963267948966 theta dot ref: 0.0
link 2 theta: 0.6494395268016767 theta dot: 20.05709784663077 theta ref: 1.9634954084936207 theta dot ref: 0.0
link 3 theta: 0.13415602514610767 theta dot: 18.783850727945488 theta ref: 1.5707963267948966 theta dot ref: 0.0
link 4 theta: 0.0 theta dot: 0.0 theta ref: 0.0 theta dot ref: 0.0
theta ddot: [ 150.6566712  -497.80570739 1040.56071967] V: [-27.75377417  17.71192447   5.36270173] G: [10.69256761  5.17551139  1.13753753] M: [[0.44846261 0.28849721 0.07026296]
 [0.28849721 0.20314242 0.05263892]
 [0.07026296 0.05263892 0.02798312]]
link 0 theta: 0.0 theta dot: 0.0 theta ref: 0.0 theta dot ref: 0.0
link 1 theta: -0.4506342530434947 theta dot: -15.947528190018282 theta ref: 1.5707963267948966 theta dot ref: 0.0
link 2 theta: 0.6594058500115677 theta dot: 19.808194992933288 theta ref: 1.9634954084936207 theta dot ref: 0.0
link 3 theta: 0.14367802060003879 theta dot: 19.304131087778995 theta ref: 1.5707963267948966 theta dot ref: 0.0
link 4 theta: 0.0 theta dot: 0.0 theta ref: 0.0 theta dot ref: 0.0
theta ddot: [ 143.96862229 -486.32882528 1033.88394532] V: [-27.46651121  17.80329757   5.45856294] G: [10.66509501  5.16911662  1.13282268] M: [[0.44733697 0.28757013 0.06988461]
 [0.28757013 0.20307681 0.05260611]
 [0.06988461 0.05260611 0.02798312]]
link 0 theta: 0.0 theta dot: 0.0 theta ref: 0.0 theta dot ref: 0.0
link 1 theta: -0.4585900210607174 theta dot: -15.87554387887247 theta ref: 1.5707963267948966 theta dot ref: 0.0
link 2 theta: 0.6692491564048749 theta dot: 19.565030580295588 theta ref: 1.9634954084936207 theta dot ref: 0.0
link 3 theta: 0.15345932163709372 theta dot: 19.821073060440703 theta ref: 1.5707963267948966 theta dot ref: 0.0
link 4 theta: 0.0 theta dot: 0.0 theta ref: 0.0 theta dot ref: 0.0
theta ddot: [ 137.67607428 -475.44357877 1027.18838641] V: [-27.17705558  17.89363465   5.55463914] G: [10.63720542  5.1625564   1.12788373] M: [[0.44620379 0.28662739 0.06949399]
 [0.28662739 0.20300477 0.05257009]
 [0.06949399 0.05257009 0.02798312]]
link 0 theta: 0.0 theta dot: 0.0 theta ref: 0.0 theta dot ref: 0.0
link 1 theta: -0.4665105834908681 theta dot: -15.80670584173036 theta ref: 1.5707963267948966 theta dot ref: 0.0
link 2 theta: 0.6789722412476759 theta dot: 19.327308790908287 theta ref: 1.9634954084936207 theta dot ref: 0.0
link 3 theta: 0.16349825671561566 theta dot: 20.33466725364706 theta ref: 1.5707963267948966 theta dot ref: 0.0
link 4 theta: 0.0 theta dot: 0.0 theta ref: 0.0 theta dot ref: 0.0
theta ddot: [ 131.74743311 -465.09880436 1020.46641594] V: [-26.88555561  17.98286929   5.65086181] G: [10.60889554  5.15582573  1.12271472] M: [[0.44506299 0.28566874 0.0690909 ]
 [0.28566874 0.20292593 0.05253068]
 [0.0690909  0.05253068 0.02798312]]
link 0 theta: 0.0 theta dot: 0.0 theta ref: 0.0 theta dot ref: 0.0
link 1 theta: -0.4743974679825948 theta dot: -15.740832125176404 theta ref: 1.5707963267948966 theta dot ref: 0.0
link 2 theta: 0.6885777582925853 theta dot: 19.094759388729344 theta ref: 1.9634954084936207 theta dot ref: 0.0
link 3 theta: 0.17379314864443116 theta dot: 20.844900461614902 theta ref: 1.5707963267948966 theta dot ref: 0.0
link 4 theta: 0.0 theta dot: 0.0 theta ref: 0.0 theta dot ref: 0.0
theta ddot: [ 126.15411714 -455.24826239 1013.71138619] V: [-26.59216274  18.07093626   5.74716113] G: [10.58016199  5.14891955  1.11730973] M: [[0.4439145  0.28469396 0.06867516]
 [0.28469396 0.20283995 0.05248769]
 [0.06867516 0.05248769 0.02798312]]
link 0 theta: 0.0 theta dot: 0.0 theta ref: 0.0 theta dot ref: 0.0
link 1 theta: -0.48225211478054075 theta dot: -15.67775506660739 theta ref: 1.5707963267948966 theta dot ref: 0.0
link 2 theta: 0.6980682319541511 theta dot: 18.86713525753419 theta ref: 1.9634954084936207 theta dot ref: 0.0
link 3 theta: 0.1843423127985124 theta dot: 21.351756154710078 theta ref: 1.5707963267948966 theta dot ref: 0.0
link 4 theta: 0.0 theta dot: 0.0 theta ref: 0.0 theta dot ref: 0.0
theta ddot: [ 120.87020582 -445.85007467 1006.91754507] V: [-26.29703126  18.15777153   5.84346597] G: [10.5510013   5.14183278  1.11166288] M: [[0.44275821 0.28370282 0.06824658]
 [0.28370282 0.20274646 0.05244094]
 [0.06824658 0.05244094 0.02798312]]
link 0 theta: 0.0 theta dot: 0.0 theta ref: 0.0 theta dot ref: 0.0
link 1 theta: -0.4900758835381168 theta dot: -15.617319963696945 theta ref: 1.5707963267948966 theta dot ref: 0.0
link 2 theta: 0.7074460683235844 theta dot: 18.64421022019868 theta ref: 1.9634954084936207 theta dot ref: 0.0
link 3 theta: 0.19514405556900102 theta dot: 21.855214927244358 theta ref: 1.5707963267948966 theta dot ref: 0.0
link 4 theta: 0.0 theta dot: 0.0 theta ref: 0.0 theta dot ref: 0.0
theta ddot: [ 115.87213655 -436.86623936 1000.0799645 ] V: [-26.00031799  18.24331234   5.93970393] G: [10.52140991  5.1345603   1.10576833] M: [[0.44159402 0.28269507 0.06780498]
 [0.28269507 0.20264509 0.05239025]
 [0.06780498 0.05239025 0.02798312]]
link 0 theta: 0.0 theta dot: 0.0 theta ref: 0.0 theta dot ref: 0.0
link 1 theta: -0.4978700595028963 theta dot: -15.559383895421133 theta ref: 1.5707963267948966 theta dot ref: 0.0
link 2 theta: 0.716713565153764 theta dot: 18.425777100520047 theta ref: 1.9634954084936207 theta dot ref: 0.0
link 3 theta: 0.20619667302818595 theta dot: 22.355254909495336 theta ref: 1.5707963267948966 theta dot ref: 0.0
link 4 theta: 0.0 theta dot: 0.0 theta ref: 0.0 theta dot ref: 0.0
theta ddot: [ 111.13844234 -428.26221127  993.1944791 ] V: [-25.702182    18.32749716   6.03580139] G: [10.49138421  5.12709695  1.09962031] M: [[0.4404218  0.2816705  0.06735019]
 [0.2816705  0.20253547 0.05233544]
 [0.06735019 0.05233544 0.02798312]]
link 0 theta: 0.0 theta dot: 0.0 theta ref: 0.0 theta dot ref: 0.0
link 1 theta: -0.505635859145314 theta dot: -15.503814674249277 theta ref: 1.5707963267948966 theta dot ref: 0.0
link 2 theta: 0.7258729209276154 theta dot: 18.211645994884936 theta ref: 1.9634954084936207 theta dot ref: 0.0
link 3 theta: 0.21749844979282093 theta dot: 22.851852149044607 theta ref: 1.5707963267948966 theta dot ref: 0.0
link 4 theta: 0.0 theta dot: 0.0 theta ref: 0.0 theta dot ref: 0.0
theta ddot: [ 106.64952412 -420.00653764  986.25763334] V: [-25.40278428  18.41026575   6.13168351] G: [10.46092053  5.11943758  1.09321311] M: [[0.43924142 0.28062885 0.06688205]
 [0.28062885 0.20241722 0.05227632]
 [0.06688205 0.05227632 0.02798312]]
link 0 theta: 0.0 theta dot: 0.0 theta ref: 0.0 theta dot ref: 0.0
link 1 theta: -0.5133744352919242 theta dot: -15.450489912191529 theta ref: 1.5707963267948966 theta dot ref: 0.0
link 2 theta: 0.7349262431078534 theta dot: 18.0016427260671 theta ref: 1.9634954084936207 theta dot ref: 0.0
link 3 theta: 0.22904765807151073 theta dot: 23.344980965714605 theta ref: 1.5707963267948966 theta dot ref: 0.0
link 4 theta: 0.0 theta dot: 0.0 theta ref: 0.0 theta dot ref: 0.0
theta ddot: [ 102.38745246 -412.07054098  979.26663598] V: [-25.10228744  18.49155917   6.22727432] G: [10.43001519  5.11157705  1.0865411 ] M: [[0.43805272 0.27956991 0.0664004 ]
 [0.27956991 0.20228998 0.0522127 ]
 [0.0664004  0.0522127  0.02798312]]
link 0 theta: 0.0 theta dot: 0.0 theta ref: 0.0 theta dot ref: 0.0
link 1 theta: -0.5210868818164626 theta dot: -15.399296185962223 theta ref: 1.5707963267948966 theta dot ref: 0.0
link 2 theta: 0.7438755556532639 theta dot: 17.7956074555752 theta ref: 1.9634954084936207 theta dot ref: 0.0
link 3 theta: 0.2408425568838651 theta dot: 23.834614283702916 theta ref: 1.5707963267948966 theta dot ref: 0.0
link 4 theta: 0.0 theta dot: 0.0 theta ref: 0.0 theta dot ref: 0.0
theta ddot: [  98.3357946  -404.42804229  972.21932047] V: [-24.80085537  18.57131983   6.32249673] G: [10.39866447  5.1035102   1.07959872] M: [[0.43685555 0.27849346 0.06590511]
 [0.27849346 0.20215335 0.05214439]
 [0.06590511 0.05214439 0.02798312]]
link 0 theta: 0.0 theta dot: 0.0 theta ref: 0.0 theta dot ref: 0.0
link 1 theta: -0.5287742379351187 theta dot: -15.35012828866222 theta ref: 1.5707963267948966 theta dot ref: 0.0
link 2 theta: 0.7527228058757647 theta dot: 17.593393434428084 theta ref: 1.9634954084936207 theta dot ref: 0.0
link 3 theta: 0.25288139144077576 theta dot: 24.320723943939736 theta ref: 1.5707963267948966 theta dot ref: 0.0
link 4 theta: 0.0 theta dot: 0.0 theta ref: 0.0 theta dot ref: 0.0
theta ddot: [  94.47946296 -397.05511859  965.11411054] V: [-24.49865291  18.64949148   6.41727261] G: [10.36686462  5.09523192  1.07238052] M: [[0.43564974 0.27739927 0.06539603]
 [0.27739927 0.20200697 0.05207119]
 [0.06539603 0.05207119 0.02798312]]
link 0 theta: 0.0 theta dot: 0.0 theta ref: 0.0 theta dot ref: 0.0
link 1 theta: -0.5364374921465795 theta dot: -15.30288855718109 theta ref: 1.5707963267948966 theta dot ref: 0.0
link 2 theta: 0.7614698707031554 theta dot: 17.3948658751347 theta ref: 1.9634954084936207 theta dot ref: 0.0
link 3 theta: 0.2651623926765632 theta dot: 24.803280999210003 theta ref: 1.5707963267948966 theta dot ref: 0.0
