theta ddot: [-7929.47236249 12710.2538336  -2024.46298494] V: [-0.  0.  0.] G: [11.43838282  5.3329005   1.20701818] M: [[0.48412771 0.31351257 0.07774182]
 [0.31351257 0.20358952 0.05286247]
 [0.07774182 0.05286247 0.02798312]]
link 0 theta: 0.0 theta dot: 0.0 theta ref: 0.0 theta dot ref: 0.0
link 1 theta: -0.0009911840453112053 theta dot: -3.964736181244821 theta ref: 1.5707963267948966 theta dot ref: 0.0
link 2 theta: 0.0015887817292005117 theta dot: 6.355126916802046 theta ref: 1.9634954084936207 theta dot ref: 0.0
link 3 theta: -0.0002530578731180743 theta dot: -1.0122314924722973 theta ref: 1.5707963267948966 theta dot ref: 0.0
link 4 theta: 0.0 theta dot: 0.0 theta ref: 0.0 theta dot ref: 0.0
theta ddot: [-125009.99045351  200643.126227    -31061.46849147] V: [-0.00679917  0.00264628  0.00042341] G: [11.43837901  5.33289969  1.2070181 ] M: [[0.48412749 0.31351244 0.0777418 ]
 [0.31351244 0.20358952 0.05286247]
 [0.0777418  0.05286247 0.02798312]]
link 0 theta: 0.0 theta dot: 0.0 theta ref: 0.0 theta dot ref: 0.0
link 1 theta: -0.018599800942622608 theta dot: -66.46973140800078 theta ref: 1.5707963267948966 theta dot ref: 0.0
link 2 theta: 0.02984673596597616 theta dot: 106.67669003030055 theta ref: 1.9634954084936207 theta dot ref: 0.0
link 3 theta: -0.0046418571807877625 theta dot: -16.54296573820645 theta ref: 1.5707963267948966 theta dot ref: 0.0
link 4 theta: 0.0 theta dot: 0.0 theta ref: 0.0 theta dot ref: 0.0
theta ddot: [ 153922.389366   -247929.74002944   41371.20381305] V: [-36.0164633   13.98330557   2.26004908] G: [11.43703947  5.33261322  1.20699185] M: [[0.48405078 0.31346626 0.07773365]
 [0.31346626 0.20358898 0.0528622 ]
 [0.07773365 0.0528622  0.02798312]]
link 0 theta: 0.0 theta dot: 0.0 theta ref: 0.0 theta dot ref: 0.0
link 1 theta: -0.03259436797587328 theta dot: 10.491463274998125 theta ref: 1.5707963267948966 theta dot ref: 0.0
link 2 theta: 0.052193863477446936 theta dot: -17.288179984417425 theta ref: 1.9634954084936207 theta dot ref: 0.0
link 3 theta: -0.007741939573260249 theta dot: 4.142636168316503 theta ref: 1.5707963267948966 theta dot ref: 0.0
link 4 theta: 0.0 theta dot: 0.0 theta ref: 0.0 theta dot ref: 0.0
theta ddot: [ 27519.67962274 -44779.33713985   8829.33519232] V: [-1.65649358  0.61004706  0.10049007] G: [11.43426261  5.33202321  1.20693332] M: [[0.48389259 0.31337069 0.0777165 ]
 [0.31337069 0.20358803 0.05286172]
 [0.0777165  0.05286172 0.02798312]]
link 0 theta: 0.0 theta dot: 0.0 theta ref: 0.0 theta dot ref: 0.0
link 1 theta: -0.023908676385532186 theta dot: 24.251303086366242 theta ref: 1.5707963267948966 theta dot ref: 0.0
link 2 theta: 0.03795235634275665 theta dot: -39.67784855434371 theta ref: 1.9634954084936207 theta dot ref: 0.0
link 3 theta: -0.004566954590062169 theta dot: 8.557303764475815 theta ref: 1.5707963267948966 theta dot ref: 0.0
link 4 theta: 0.0 theta dot: 0.0 theta ref: 0.0 theta dot ref: 0.0
theta ddot: [ 47275.19266393 -76532.96440439  13918.43150975] V: [-6.38751518  2.38619468  0.42158642] G: [11.43617682  5.33243944  1.20696398] M: [[0.48400358 0.31343695 0.0777277 ]
 [0.31343695 0.203589   0.05286221]
 [0.0777277  0.05286221 0.02798312]]
link 0 theta: 0.0 theta dot: 0.0 theta ref: 0.0 theta dot ref: 0.0
link 1 theta: -0.005873625759357293 theta dot: 47.88889941833334 theta ref: 1.5707963267948966 theta dot ref: 0.0
link 2 theta: 0.008546811515035557 theta dot: -77.94433075654065 theta ref: 1.9634954084936207 theta dot ref: 0.0
link 3 theta: 0.0014515012308948926 theta dot: 15.516519519352434 theta ref: 1.5707963267948966 theta dot ref: 0.0
link 4 theta: 0.0 theta dot: 0.0 theta ref: 0.0 theta dot ref: 0.0
theta ddot: [ 57443.4670232  -92885.12044208  16530.93902589] V: [-5.92702635  2.23736843  0.65328233] G: [11.43825249  5.33287549  1.20700791] M: [[0.48412134 0.31350817 0.07774055]
 [0.31350817 0.20358947 0.05286244]
 [0.07774055 0.05286244 0.02798312]]
link 0 theta: 0.0 theta dot: 0.0 theta ref: 0.0 theta dot ref: 0.0
link 1 theta: 0.025251257327709595 theta dot: 76.61063292993421 theta ref: 1.5707963267948966 theta dot ref: 0.0
link 2 theta: -0.04203599391849531 theta dot: -124.3868909775828 theta ref: 1.9634954084936207 theta dot ref: 0.0
link 3 theta: 0.011276128368807403 theta dot: 23.78198903229761 theta ref: 1.5707963267948966 theta dot ref: 0.0
link 4 theta: 0.0 theta dot: 0.0 theta ref: 0.0 theta dot ref: 0.0
theta ddot: [-178513.22882722  286299.17798042  -44199.17743726] V: [ 67.13356767 -25.46646135  -2.84437377] G: [11.43583693  5.33230101  1.20699986] M: [[0.48397333 0.31342251 0.07772847]
 [0.31342251 0.20358636 0.05286089]
 [0.07772847 0.05286089 0.02798312]]
link 0 theta: 0.0 theta dot: 0.0 theta ref: 0.0 theta dot ref: 0.0
link 1 theta: 0.0412424201892736 theta dot: -12.645981483678185 theta ref: 1.5707963267948966 theta dot ref: 0.0
link 2 theta: -0.0684420421597346 theta dot: 18.762698012625606 theta ref: 1.9634954084936207 theta dot ref: 0.0
link 3 theta: 0.01764222570529874 theta dot: 1.682400313667742 theta ref: 1.5707963267948966 theta dot ref: 0.0
link 4 theta: 0.0 theta dot: 0.0 theta ref: 0.0 theta dot ref: 0.0
theta ddot: [ 13436.42459068 -22142.98883217   5191.82128656] V: [ 2.49220411 -1.13213473 -0.13184174] G: [11.43160979  5.33131926  1.20696305] M: [[0.48371913 0.31327363 0.07770586]
 [0.31327363 0.20358178 0.0528586 ]
 [0.07770586 0.0528586  0.02798312]]
link 0 theta: 0.0 theta dot: 0.0 theta ref: 0.0 theta dot ref: 0.0
link 1 theta: 0.03659898252126994 theta dot: -5.927769188336461 theta ref: 1.5707963267948966 theta dot ref: 0.0
link 2 theta: -0.06182856675744265 theta dot: 7.691203596542167 theta ref: 1.9634954084936207 theta dot ref: 0.0
link 3 theta: 0.01913240352295233 theta dot: 4.278310956946611 theta ref: 1.5707963267948966 theta dot ref: 0.0
link 4 theta: 0.0 theta dot: 0.0 theta ref: 0.0 theta dot ref: 0.0
theta ddot: [ 20287.40323025 -33150.85993708   6949.60531944] V: [ 0.37366257 -0.22195941 -0.02058964] G: [11.43295868  5.331565    1.20699574] M: [[0.48379175 0.31331829 0.0777146 ]
 [0.31331829 0.20358041 0.05285792]
 [0.0777146  0.05285792 0.02798312]]
link 0 theta: 0.0 theta dot: 0.0 theta ref: 0.0 theta dot ref: 0.0
link 1 theta: 0.03617102333088338 theta dot: 4.215932426790218 theta ref: 1.5707963267948966 theta dot ref: 0.0
link 2 theta: -0.06212682245130602 theta dot: -8.884226371995627 theta ref: 1.9634954084936207 theta dot ref: 0.0
link 3 theta: 0.022140259666355595 theta dot: 7.753113616666442 theta ref: 1.5707963267948966 theta dot ref: 0.0
link 4 theta: 0.0 theta dot: 0.0 theta ref: 0.0 theta dot ref: 0.0
theta ddot: [ 20549.19317267 -33571.04439224   7013.03993449] V: [ 0.49525653 -0.11152655 -0.00788786] G: [11.4329907   5.33150198  1.20700939] M: [[0.48378575 0.31331642 0.07771584]
 [0.31331642 0.20357733 0.05285637]
 [0.07771584 0.05285637 0.02798312]]
link 0 theta: 0.0 theta dot: 0.0 theta ref: 0.0 theta dot ref: 0.0
link 1 theta: 0.040847638690862775 theta dot: 14.490529013127361 theta ref: 1.5707963267948966 theta dot ref: 0.0
link 2 theta: -0.07076531618633412 theta dot: -25.669748568116805 theta ref: 1.9634954084936207 theta dot ref: 0.0
link 3 theta: 0.02689344646649966 theta dot: 11.259633583909814 theta ref: 1.5707963267948966 theta dot ref: 0.0
link 4 theta: 0.0 theta dot: 0.0 theta ref: 0.0 theta dot ref: 0.0
theta ddot: [  9668.34046544 -16088.92947356   4214.02118559] V: [ 4.68126325 -1.49172345 -0.08863961] G: [11.43143808  5.33104864  1.20701266] M: [[0.48368207 0.31325779 0.07770889]
 [0.31325779 0.20357153 0.05285347]
 [0.07770889 0.05285347 0.02798312]]
link 0 theta: 0.0 theta dot: 0.0 theta ref: 0.0 theta dot ref: 0.0
link 1 theta: 0.04930144575560656 theta dot: 19.324699245847803 theta ref: 1.5707963267948966 theta dot ref: 0.0
link 2 theta: -0.08561130665458788 theta dot: -33.71421330489824 theta ref: 1.9634954084936207 theta dot ref: 0.0
link 3 theta: 0.03305001590665332 theta dot: 13.36664417670481 theta ref: 1.5707963267948966 theta dot ref: 0.0
link 4 theta: 0.0 theta dot: 0.0 theta ref: 0.0 theta dot ref: 0.0
theta ddot: [-1040.34525517  1109.9528367   1470.271948  ] V: [ 9.75119158 -3.20373891 -0.18111121] G: [11.42823832  5.33017459  1.20701176] M: [[0.4834748  0.31313957 0.07769388]
 [0.31313957 0.20356235 0.05284888]
 [0.07769388 0.05284888 0.02798312]]
link 0 theta: 0.0 theta dot: 0.0 theta ref: 0.0 theta dot ref: 0.0
link 1 theta: 0.05883375222163409 theta dot: 18.804526618262305 theta ref: 1.5707963267948966 theta dot ref: 0.0
link 2 theta: -0.10232966920244946 theta dot: -33.15923688654806 theta ref: 1.9634954084936207 theta dot ref: 0.0
link 3 theta: 0.03991712198850561 theta dot: 14.101780150704364 theta ref: 1.5707963267948966 theta dot ref: 0.0
link 4 theta: 0.0 theta dot: 0.0 theta ref: 0.0 theta dot ref: 0.0
theta ddot: [-2956.65850265  4183.86310905   984.82310216] V: [11.25823713 -3.62064669 -0.19764246] G: [11.42390909  5.32899051  1.20701045] M: [[0.48319437 0.31297962 0.07767356]
 [0.31297962 0.20354988 0.05284265]
 [0.07767356 0.05284265 0.02798312]]
link 0 theta: 0.0 theta dot: 0.0 theta ref: 0.0 theta dot ref: 0.0
link 1 theta: 0.06786643321793356 theta dot: 17.326197366935613 theta ref: 1.5707963267948966 theta dot ref: 0.0
link 2 theta: -0.11838630475709262 theta dot: -31.06730533202461 theta ref: 1.9634954084936207 theta dot ref: 0.0
link 3 theta: 0.047091114951627225 theta dot: 14.594191701782083 theta ref: 1.5707963267948966 theta dot ref: 0.0
link 4 theta: 0.0 theta dot: 0.0 theta ref: 0.0 theta dot ref: 0.0
theta ddot: [-2533.81088538  3502.51633253  1096.06909672] V: [11.40529332 -3.54736439 -0.18045221] G: [11.4190566   5.32762936  1.20701108] M: [[0.48287687 0.31279894 0.07765104]
 [0.31279894 0.20353436 0.05283489]
 [0.07765104 0.05283489 0.02798312]]
link 0 theta: 0.0 theta dot: 0.0 theta ref: 0.0 theta dot ref: 0.0
link 1 theta: 0.0762128055407289 theta dot: 16.05929192424574 theta ref: 1.5707963267948966 theta dot ref: 0.0
link 2 theta: -0.13348214288153826 theta dot: -29.31604716575789 theta ref: 1.9634954084936207 theta dot ref: 0.0
link 3 theta: 0.05452521943960796 theta dot: 15.142226250140876 theta ref: 1.5707963267948966 theta dot ref: 0.0
link 4 theta: 0.0 theta dot: 0.0 theta ref: 0.0 theta dot ref: 0.0
theta ddot: [-2079.20559556  2770.93500897  1214.18144147] V: [11.41366116 -3.42505017 -0.15641085] G: [11.4138912   5.32613181  1.20701363] M: [[0.48253442 0.3126046  0.07762734]
 [0.3126046  0.20351557 0.0528255 ]
 [0.07762734 0.0528255  0.02798312]]
link 0 theta: 0.0 theta dot: 0.0 theta ref: 0.0 theta dot ref: 0.0
link 1 theta: 0.08398255080340679 theta dot: 15.019689126465794 theta ref: 1.5707963267948966 theta dot ref: 0.0
link 2 theta: -0.14779379958829625 theta dot: -27.93057966127407 theta ref: 1.9634954084936207 theta dot ref: 0.0
link 3 theta: 0.06224810524486245 theta dot: 15.749316970877057 theta ref: 1.5707963267948966 theta dot ref: 0.0
link 4 theta: 0.0 theta dot: 0.0 theta ref: 0.0 theta dot ref: 0.0
theta ddot: [-1745.92934355  2234.52260403  1300.69262237] V: [11.42789945 -3.3046723  -0.13039931] G: [11.40846561  5.32450183  1.2070167 ] M: [[0.48216968 0.31239811 0.07760266]
 [0.31239811 0.20349315 0.05281428]
 [0.07760266 0.05281428 0.02798312]]
link 0 theta: 0.0 theta dot: 0.0 theta ref: 0.0 theta dot ref: 0.0
link 1 theta: 0.09127415419869558 theta dot: 14.1467244546894 theta ref: 1.5707963267948966 theta dot ref: 0.0
link 2 theta: -0.16147977409342926 theta dot: -26.81331835925791 theta ref: 1.9634954084936207 theta dot ref: 0.0
link 3 theta: 0.07028535030809661 theta dot: 16.399663282059596 theta ref: 1.5707963267948966 theta dot ref: 0.0
link 4 theta: 0.0 theta dot: 0.0 theta ref: 0.0 theta dot ref: 0.0
theta ddot: [-1504.40742036  1845.61356601  1363.46025848] V: [11.4593706  -3.18985855 -0.10376733] G: [11.40280446  5.32273678  1.20701817] M: [[0.48178366 0.31217996 0.07757701]
 [0.31217996 0.20346667 0.05280104]
 [0.07757701 0.05280104 0.02798312]]
link 0 theta: 0.0 theta dot: 0.0 theta ref: 0.0 theta dot ref: 0.0
link 1 theta: 0.09815946549849497 theta dot: 13.394520744508139 theta ref: 1.5707963267948966 theta dot ref: 0.0
link 2 theta: -0.17465573157730743 theta dot: -25.890511576254774 theta ref: 1.9634954084936207 theta dot ref: 0.0
link 3 theta: 0.07865561448143703 theta dot: 17.08139341130205 theta ref: 1.5707963267948966 theta dot ref: 0.0
link 4 theta: 0.0 theta dot: 0.0 theta ref: 0.0 theta dot ref: 0.0
theta ddot: [-1324.85253825  1556.29708724  1410.23923032] V: [11.50449167 -3.07921865 -0.07712439] G: [11.39692381  5.3208319   1.20701536] M: [[0.48137688 0.31195035 0.07755035]
 [0.31195035 0.20343568 0.05278555]
 [0.07755035 0.05278555 0.02798312]]
link 0 theta: 0.0 theta dot: 0.0 theta ref: 0.0 theta dot ref: 0.0
link 1 theta: 0.10469111930346775 theta dot: 12.732094475382967 theta ref: 1.5707963267948966 theta dot ref: 0.0
link 2 theta: -0.1874064502295303 theta dot: -25.112363032636736 theta ref: 1.9634954084936207 theta dot ref: 0.0
link 3 theta: 0.08737259109087851 theta dot: 17.7865130264639 theta ref: 1.5707963267948966 theta dot ref: 0.0
link 4 theta: 0.0 theta dot: 0.0 theta ref: 0.0 theta dot ref: 0.0
theta ddot: [-1187.62578065  1334.99776109  1446.12286768] V: [11.55898168 -2.97128369 -0.05083978] G: [11.39083529  5.31878117  1.20700509] M: [[0.48094965 0.31170934 0.07752254]
 [0.31170934 0.20339971 0.05276757]
 [0.07752254 0.05276757 0.02798312]]
link 0 theta: 0.0 theta dot: 0.0 theta ref: 0.0 theta dot ref: 0.0
link 1 theta: 0.11090871331857827 theta dot: 12.138281585059104 theta ref: 1.5707963267948966 theta dot ref: 0.0
link 2 theta: -0.19979575702571234 theta dot: -24.44486415209133 theta ref: 1.9634954084936207 theta dot ref: 0.0
link 3 theta: 0.09644661296257105 theta dot: 18.50957446030627 theta ref: 1.5707963267948966 theta dot ref: 0.0
link 4 theta: 0.0 theta dot: 0.0 theta ref: 0.0 theta dot ref: 0.0
theta ddot: [-1080.18694437  1161.55747676  1474.35735581] V: [11.61952753 -2.86501981 -0.02517621] G: [11.38454744  5.31657763  1.20698369] M: [[0.4805021  0.31145681 0.07749345]
 [0.31145681 0.20335827 0.05274685]
 [0.07749345 0.05274685 0.02798312]]
link 0 theta: 0.0 theta dot: 0.0 theta ref: 0.0 theta dot ref: 0.0
link 1 theta: 0.11684283074306097 theta dot: 11.598188112871677 theta ref: 1.5707963267948966 theta dot ref: 0.0
link 2 theta: -0.21187299441716254 theta dot: -23.864085413709475 theta ref: 1.9634954084936207 theta dot ref: 0.0
link 3 theta: 0.10588569486220077 theta dot: 19.2467531382126 theta ref: 1.5707963267948966 theta dot ref: 0.0
link 4 theta: 0.0 theta dot: 0.0 theta ref: 0.0 theta dot ref: 0.0
theta ddot: [-994.35728831 1022.83123187 1497.05643258] V: [ 1.16837039e+01 -2.75975957e+00 -3.38136187e-04] G: [11.37806646  5.31421352  1.20694706] M: [[0.48003427 0.3111926  0.07746288]
 [0.3111926  0.20331084 0.05272313]
 [0.07746288 0.05272313 0.02798312]]
link 0 theta: 0.0 theta dot: 0.0 theta ref: 0.0 theta dot ref: 0.0
link 1 theta: 0.12251763013845762 theta dot: 11.101009468714944 theta ref: 1.5707963267948966 theta dot ref: 0.0
link 2 theta: -0.22367718322003313 theta dot: -23.352669797772922 theta ref: 1.9634954084936207 theta dot ref: 0.0
link 3 theta: 0.11569620348537962 theta dot: 19.995281354502833 theta ref: 1.5707963267948966 theta dot ref: 0.0
link 4 theta: 0.0 theta dot: 0.0 theta ref: 0.0 theta dot ref: 0.0
theta ddot: [-924.63685785  909.98105134 1515.63865539] V: [11.74971836 -2.65509048  0.0235066 ] G: [11.37139659  5.31168036  1.20689065] M: [[0.47954608 0.31091644 0.07743059]
 [0.31091644 0.20325687 0.05269614]
 [0.07743059 0.05269614 0.02798312]]
link 0 theta: 0.0 theta dot: 0.0 theta ref: 0.0 theta dot ref: 0.0
link 1 theta: 0.12795255526558352 theta dot: 10.638691039788643 theta ref: 1.5707963267948966 theta dot ref: 0.0
link 2 theta: -0.2352397704875023 theta dot: -22.897679272103783 theta ref: 1.9634954084936207 theta dot ref: 0.0
link 3 theta: 0.1258832989945549 theta dot: 20.7531006821982 theta ref: 1.5707963267948966 theta dot ref: 0.0
link 4 theta: 0.0 theta dot: 0.0 theta ref: 0.0 theta dot ref: 0.0
theta ddot: [-867.2135324   816.8826668  1531.08439961] V: [11.81621034 -2.55077217  0.04621564] G: [11.36454042  5.30896899  1.20680948] M: [[0.47903739 0.31062799 0.07739634]
 [0.31062799 0.20319579 0.0526656 ]
 [0.07739634 0.0526656  0.02798312]]
link 0 theta: 0.0 theta dot: 0.0 theta ref: 0.0 theta dot ref: 0.0
link 1 theta: 0.13316349909392725 theta dot: 10.205084273586195 theta ref: 1.5707963267948966 theta dot ref: 0.0
link 2 theta: -0.24658649979020478 theta dot: -22.489237938706115 theta ref: 1.9634954084936207 theta dot ref: 0.0
link 3 theta: 0.13645123488560487 theta dot: 21.51864288200171 theta ref: 1.5707963267948966 theta dot ref: 0.0
link 4 theta: 0.0 theta dot: 0.0 theta ref: 0.0 theta dot ref: 0.0
theta ddot: [-819.37133145  739.1742601  1544.08914206] V: [11.88211397 -2.44668143  0.0676659 ] G: [11.35749911  5.30606963  1.20669815] M: [[0.47850798 0.31032686 0.07735983]
 [0.31032686 0.20312701 0.05263122]
 [0.07735983 0.05263122 0.02798312]]
link 0 theta: 0.0 theta dot: 0.0 theta ref: 0.0 theta dot ref: 0.0
link 1 theta: 0.13816361981428885 theta dot: 9.795398607860255 theta ref: 1.5707963267948966 theta dot ref: 0.0
link 2 theta: -0.2577387219770452 theta dot: -22.11965080865559 theta ref: 1.9634954084936207 theta dot ref: 0.0
link 3 theta: 0.14740356746936295 theta dot: 22.290687453030557 theta ref: 1.5707963267948966 theta dot ref: 0.0
link 4 theta: 0.0 theta dot: 0.0 theta ref: 0.0 theta dot ref: 0.0
theta ddot: [-779.12731059  673.67275105 1555.15745572] V: [11.94656853 -2.34277657  0.08774981] G: [11.35027255  5.30297193  1.20655083] M: [[0.47795758 0.3100126  0.07732074]
 [0.3100126  0.20304992 0.05259267]
 [0.07732074 0.05259267 0.02798312]]
link 0 theta: 0.0 theta dot: 0.0 theta ref: 0.0 theta dot ref: 0.0
link 1 theta: 0.14296392820439566 theta dot: 9.405834952567039 theta ref: 1.5707963267948966 theta dot ref: 0.0
link 2 theta: -0.2687143382874916 theta dot: -21.782814433129943 theta ref: 1.9634954084936207 theta dot ref: 0.0
link 3 theta: 0.15874330587784308 theta dot: 23.068266180889914 theta ref: 1.5707963267948966 theta dot ref: 0.0
link 4 theta: 0.0 theta dot: 0.0 theta ref: 0.0 theta dot ref: 0.0
theta ddot: [-745.00203033  618.00483294 1564.66238942] V: [12.00885933 -2.23907418  0.10637315] G: [11.34285946  5.29966495  1.2063613 ] M: [[0.47738589 0.30968469 0.07727872]
 [0.30968469 0.20296389 0.05254965]
 [0.07727872 0.05254965 0.02798312]]
link 0 theta: 0.0 theta dot: 0.0 theta ref: 0.0 theta dot ref: 0.0
link 1 theta: 0.1475737204268884 theta dot: 9.033333937403947 theta ref: 1.5707963267948966 theta dot ref: 0.0
link 2 theta: -0.2795284948999386 theta dot: -21.47381201665804 theta ref: 1.9634954084936207 theta dot ref: 0.0
link 3 theta: 0.17047302176696558 theta dot: 23.85059737560009 theta ref: 1.5707963267948966 theta dot ref: 0.0
link 4 theta: 0.0 theta dot: 0.0 theta ref: 0.0 theta dot ref: 0.0
theta ddot: [-715.87027468  570.3670196  1572.88406147] V: [12.06837846 -2.13563366  0.12345361] G: [11.33525752  5.29613724  1.20612289] M: [[0.47679254 0.30934258 0.07723339]
 [0.30934258 0.20286825 0.05250183]
 [0.07723339 0.05250183 0.02798312]]
link 0 theta: 0.0 theta dot: 0.0 theta ref: 0.0 theta dot ref: 0.0
link 1 theta: 0.15200090361125498 theta dot: 8.675398800062363 theta ref: 1.5707963267948966 theta dot ref: 0.0
link 2 theta: -0.29019410503081816 theta dot: -21.188628506860205 theta ref: 1.9634954084936207 theta dot ref: 0.0
link 3 theta: 0.18259493096244994 theta dot: 24.637039406337383 theta ref: 1.5707963267948966 theta dot ref: 0.0
link 4 theta: 0.0 theta dot: 0.0 theta ref: 0.0 theta dot ref: 0.0
theta ddot: [-690.86138409  529.36545027 1580.0354063 ] V: [12.1245984  -2.03254685  0.13892012] G: [11.32746343  5.29237679  1.20582855] M: [[0.47617714 0.30898567 0.07718434]
 [0.30898567 0.20276232 0.05244887]
 [0.07718434 0.05244887 0.02798312]]
link 0 theta: 0.0 theta dot: 0.0 theta ref: 0.0 theta dot ref: 0.0
link 1 theta: 0.1562522453382749 theta dot: 8.329968108017221 theta ref: 1.5707963267948966 theta dot ref: 0.0
link 2 theta: -0.3007222486029649 theta dot: -20.923945781726793 theta ref: 1.9634954084936207 theta dot ref: 0.0
link 3 theta: 0.19511095509140589 theta dot: 25.427057109486356 theta ref: 1.5707963267948966 theta dot ref: 0.0
link 4 theta: 0.0 theta dot: 0.0 theta ref: 0.0 theta dot ref: 0.0
theta ddot: [-669.29111087  493.90636722 1586.27976044] V: [12.177054   -1.9299308   0.15271238] G: [11.319473    5.28837112  1.2054708 ] M: [[0.47553924 0.30861332 0.07713115]
 [0.30861332 0.20264541 0.05239041]
 [0.07713115 0.05239041 0.02798312]]
link 0 theta: 0.0 theta dot: 0.0 theta ref: 0.0 theta dot ref: 0.0
link 1 theta: 0.1603335680034242 theta dot: 7.995322552579956 theta ref: 1.5707963267948966 theta dot ref: 0.0
link 2 theta: -0.3111224831979257 theta dot: -20.676992598116236 theta ref: 1.9634954084936207 theta dot ref: 0.0
link 3 theta: 0.20802276861620353 theta dot: 26.220196989704224 theta ref: 1.5707963267948966 theta dot ref: 0.0
link 4 theta: 0.0 theta dot: 0.0 theta ref: 0.0 theta dot ref: 0.0
theta ddot: [-650.6140145   463.11961004 1591.74313233] V: [12.22533014 -1.82792271  0.16478081] G: [11.31128114  5.28410722  1.20504179] M: [[0.47487839 0.30822482 0.07707334]
 [0.30822482 0.20251678 0.0523261 ]
 [0.07707334 0.0523261  0.02798312]]
link 0 theta: 0.0 theta dot: 0.0 theta ref: 0.0 theta dot ref: 0.0
link 1 theta: 0.1642499025279015 theta dot: 7.670015545329274 theta ref: 1.5707963267948966 theta dot ref: 0.0
link 2 theta: -0.3214030895457293 theta dot: -20.445432793098306 theta ref: 1.9634954084936207 theta dot ref: 0.0
link 3 theta: 0.22133183500259657 theta dot: 27.016068555867914 theta ref: 1.5707963267948966 theta dot ref: 0.0
link 4 theta: 0.0 theta dot: 0.0 theta ref: 0.0 theta dot ref: 0.0
theta ddot: [-634.38955269  436.30412456 1596.52292828] V: [12.26905329 -1.72667629  0.17508663] G: [11.30288197  5.27957161  1.20453324] M: [[0.47419409 0.30781946 0.07701045]
 [0.30781946 0.2023757  0.05225556]
 [0.07701045 0.05225556 0.02798312]]
link 0 theta: 0.0 theta dot: 0.0 theta ref: 0.0 theta dot ref: 0.0
link 1 theta: 0.16800561160648042 theta dot: 7.3528207689864145 theta ref: 1.5707963267948966 theta dot ref: 0.0
link 2 theta: -0.3315712679267087 theta dot: -20.227280730819267 theta ref: 1.9634954084936207 theta dot ref: 0.0
link 3 theta: 0.23503943464656515 theta dot: 27.814330020006437 theta ref: 1.5707963267948966 theta dot ref: 0.0
link 4 theta: 0.0 theta dot: 0.0 theta ref: 0.0 theta dot ref: 0.0
theta ddot: [-620.25749881  412.88846206 1600.69426658] V: [12.30788569 -1.62635897  0.18360211] G: [11.29426884  5.27475036  1.20393646] M: [[0.47348583 0.30739648 0.07694194]
 [0.30739648 0.20222141 0.05217842]
 [0.07694194 0.05217842 0.02798312]]
link 0 theta: 0.0 theta dot: 0.0 theta ref: 0.0 theta dot ref: 0.0
link 1 theta: 0.17160448980362228 theta dot: 7.042692019580973 theta ref: 1.5707963267948966 theta dot ref: 0.0
link 2 theta: -0.34163329723436037 theta dot: -20.02083649978735 theta ref: 1.9634954084936207 theta dot ref: 0.0
link 3 theta: 0.2491466864398904 theta dot: 28.614677153294632 theta ref: 1.5707963267948966 theta dot ref: 0.0
link 4 theta: 0.0 theta dot: 0.0 theta ref: 0.0 theta dot ref: 0.0
theta ddot: [-607.91983298  392.40168256 1604.31461923] V: [12.34152152 -1.52714987  0.19031086] G: [11.28543433  5.26962905  1.2032424 ] M: [[0.47275308 0.30695507 0.0768673 ]
 [0.30695507 0.20205313 0.05209427]
 [0.0768673  0.05209427 0.02798312]]
link 0 theta: 0.0 theta dot: 0.0 theta ref: 0.0 theta dot ref: 0.0
link 1 theta: 0.1750498458342903 theta dot: 6.7387321030911265 theta ref: 1.5707963267948966 theta dot ref: 0.0
link 2 theta: -0.3515946652739342 theta dot: -19.824635658507944 theta ref: 1.9634954084936207 theta dot ref: 0.0
link 3 theta: 0.26365456434394163 theta dot: 29.41683446291024 theta ref: 1.5707963267948966 theta dot ref: 0.0
link 4 theta: 0.0 theta dot: 0.0 theta ref: 0.0 theta dot ref: 0.0
theta ddot: [-597.12720598  374.45160636 1607.42727455] V: [12.36968441 -1.42923806  0.19520836] G: [11.27637031  5.26419283  1.20244158] M: [[0.47199526 0.3064944  0.07678595]
 [0.3064944  0.20187006 0.05200274]
 [0.07678595 0.05200274 0.02798312]]
link 0 theta: 0.0 theta dot: 0.0 theta ref: 0.0 theta dot ref: 0.0
link 1 theta: 0.17834457098508813 theta dot: 6.440168500100176 theta ref: 1.5707963267948966 theta dot ref: 0.0
link 2 theta: -0.36146017665239283 theta dot: -19.63740985532663 theta ref: 1.9634954084936207 theta dot ref: 0.0
link 3 theta: 0.27856390998471586 theta dot: 30.22054810018674 theta ref: 1.5707963267948966 theta dot ref: 0.0
link 4 theta: 0.0 theta dot: 0.0 theta ref: 0.0 theta dot ref: 0.0
theta ddot: [-587.668686    358.70833946 1610.0639561 ] V: [12.39212601 -1.33282114  0.19830234] G: [11.26706792  5.2584264   1.20152415] M: [[0.4712118  0.3060136  0.07669732]
 [0.3060136  0.20167139 0.0519034 ]
 [0.07669732 0.0519034  0.02798312]]
link 0 theta: 0.0 theta dot: 0.0 theta ref: 0.0 theta dot ref: 0.0
link 1 theta: 0.1814911966493885 theta dot: 6.146334157101366 theta ref: 1.5707963267948966 theta dot ref: 0.0
link 2 theta: -0.3712340430376234 theta dot: -19.45805568559577 theta ref: 1.9634954084936207 theta dot ref: 0.0
link 3 theta: 0.29387544202932125 theta dot: 31.025580078234857 theta ref: 1.5707963267948966 theta dot ref: 0.0
link 4 theta: 0.0 theta dot: 0.0 theta ref: 0.0 theta dot ref: 0.0
theta ddot: [-579.36389735  344.8916402  1612.24683029] V: [12.40862533 -1.23810399  0.19961336] G: [11.25751766  5.25231403  1.20047988] M: [[0.47040212 0.30551179 0.0766008 ]
 [0.30551179 0.20145629 0.05179585]
 [0.0766008  0.05179585 0.02798312]]
link 0 theta: 0.0 theta dot: 0.0 theta ref: 0.0 theta dot ref: 0.0
link 1 theta: 0.1844919432407706 theta dot: 5.856652208426956 theta ref: 1.5707963267948966 theta dot ref: 0.0
link 2 theta: -0.38091995942539686 theta dot: -19.285609865497943 theta ref: 1.9634954084936207 theta dot ref: 0.0
link 3 theta: 0.30958976292222523 theta dot: 31.831703493381095 theta ref: 1.5707963267948966 theta dot ref: 0.0
link 4 theta: 0.0 theta dot: 0.0 theta ref: 0.0 theta dot ref: 0.0
theta ddot: [-572.0569269   332.7611228  1613.99006649] V: [12.41898863 -1.14529758  0.1991753 ] G: [11.24770932  5.2458396   1.19929814] M: [[0.4695656  0.30498803 0.07649576]
 [0.30498803 0.20122392 0.05167967]
 [0.07649576 0.05167967 0.02798312]]
link 0 theta: 0.0 theta dot: 0.0 theta ref: 0.0 theta dot ref: 0.0
link 1 theta: 0.187348762229121 theta dot: 5.570623744974719 theta ref: 1.5707963267948966 theta dot ref: 0.0
link 2 theta: -0.39052116921779567 theta dot: -19.11922930409721 theta ref: 1.9634954084936207 theta dot ref: 0.0
link 3 theta: 0.3257073634272276 theta dot: 32.638698526628495 theta ref: 1.5707963267948966 theta dot ref: 0.0
link 4 theta: 0.0 theta dot: 0.0 theta ref: 0.0 theta dot ref: 0.0
theta ddot: [-565.61155432  322.10858351 1615.30106671] V: [12.42304981 -1.05461784  0.19703595] G: [11.23763207  5.23898657  1.19796793] M: [[0.46870162 0.30444138 0.07638154]
 [0.30444138 0.20097344 0.05155443]
 [0.07638154 0.05155443 0.02798312]]
link 0 theta: 0.0 theta dot: 0.0 theta ref: 0.0 theta dot ref: 0.0
link 1 theta: 0.190063372657318 theta dot: 5.287817967813282 theta ref: 1.5707963267948966 theta dot ref: 0.0
link 2 theta: -0.4000405202969051 theta dot: -18.95817501234054 theta ref: 1.9634954084936207 theta dot ref: 0.0
link 3 theta: 0.34222862532388043 theta dot: 33.44634905998282 theta ref: 1.5707963267948966 theta dot ref: 0.0
link 4 theta: 0.0 theta dot: 0.0 theta ref: 0.0 theta dot ref: 0.0
theta ddot: [-559.90748673  312.75193482 1616.18145039] V: [12.42067109 -0.96628447  0.19325745] G: [11.22727443  5.23173802  1.1964779 ] M: [[0.46780955 0.30387085 0.07625748]
 [0.30387085 0.20070397 0.05141969]
 [0.07625748 0.05141969 0.02798312]]
link 0 theta: 0.0 theta dot: 0.0 theta ref: 0.0 theta dot ref: 0.0
link 1 theta: 0.19263729320538295 theta dot: 5.007864224446414 theta ref: 1.5707963267948966 theta dot ref: 0.0
link 2 theta: -0.40948051381122336 theta dot: -18.801799044932466 theta ref: 1.9634954084936207 theta dot ref: 0.0
link 3 theta: 0.3591538225351706 theta dot: 34.2544397851778 theta ref: 1.5707963267948966 theta dot ref: 0.0
link 4 theta: 0.0 theta dot: 0.0 theta ref: 0.0 theta dot ref: 0.0
theta ddot: [-554.83736547  304.53037322 1616.62785748] V: [12.41174394 -0.88051972  0.1879168 ] G: [11.21662429  5.22407664  1.19481634] M: [[0.46688876 0.30327544 0.07612289]
 [0.30327544 0.20041465 0.05127503]
 [0.07612289 0.05127503 0.02798312]]
link 0 theta: 0.0 theta dot: 0.0 theta ref: 0.0 theta dot ref: 0.0
link 1 theta: 0.1950718706469225 theta dot: 4.730445541711784 theta ref: 1.5707963267948966 theta dot ref: 0.0
link 2 theta: -0.4188433470370373 theta dot: -18.64953385832338 theta ref: 1.9634954084936207 theta dot ref: 0.0
link 3 theta: 0.3764831209099442 theta dot: 35.06275371391653 theta ref: 1.5707963267948966 theta dot ref: 0.0
link 4 theta: 0.0 theta dot: 0.0 theta ref: 0.0 theta dot ref: 0.0
theta ddot: [-550.30437413  297.30050498 1616.63261715] V: [12.39619025 -0.79754715  0.18110625] G: [11.20566893  5.21598477  1.19297116] M: [[0.4659386  0.30265414 0.07597704]
 [0.30265414 0.20010459 0.05112   ]
 [0.07597704 0.05112    0.02798312]]
link 0 theta: 0.0 theta dot: 0.0 theta ref: 0.0 theta dot ref: 0.0
link 1 theta: 0.19736830537101174 theta dot: 4.455293354645164 theta ref: 1.5707963267948966 theta dot ref: 0.0
link 2 theta: -0.4281309514030769 theta dot: -18.500883605835014 theta ref: 1.9634954084936207 theta dot ref: 0.0
link 3 theta: 0.39421657684404676 theta dot: 35.871070022493804 theta ref: 1.5707963267948966 theta dot ref: 0.0
link 4 theta: 0.0 theta dot: 0.0 theta ref: 0.0 theta dot ref: 0.0
theta ddot: [-546.22032158  290.93322533 1616.18431864] V: [12.37396349 -0.7175902   0.17293363] G: [11.19439503  5.20744442  1.19092998] M: [[0.46495841 0.3020059  0.07581921]
 [0.3020059  0.19977292 0.05095417]
 [0.07581921 0.05095417 0.02798312]]
link 0 theta: 0.0 theta dot: 0.0 theta ref: 0.0 theta dot ref: 0.0
link 1 theta: 0.1995276745081367 theta dot: 4.1821831938545735 theta ref: 1.5707963267948966 theta dot ref: 0.0
link 2 theta: -0.4373450265528279 theta dot: -18.35541699316921 theta ref: 1.9634954084936207 theta dot ref: 0.0
link 3 theta: 0.4123541348951231 theta dot: 36.67916218181157 theta ref: 1.5707963267948966 theta dot ref: 0.0
link 4 theta: 0.0 theta dot: 0.0 theta ref: 0.0 theta dot ref: 0.0
theta ddot: [-542.50410553  285.31119844 1615.26831216] V: [12.34505002 -0.64087075  0.16352256] G: [11.18278869  5.19843727  1.18868005] M: [[0.46394756 0.30132965 0.07564867]
 [0.30132965 0.19941874 0.05077708]
 [0.07564867 0.05077708 0.02798312]]
link 0 theta: 0.0 theta dot: 0.0 theta ref: 0.0 theta dot ref: 0.0
link 1 theta: 0.20155095309187235 theta dot: 3.910931141088016 theta ref: 1.5707963267948966 theta dot ref: 0.0
link 2 theta: -0.4464870711496071 theta dot: -18.21276139394756 theta ref: 1.9634954084936207 theta dot ref: 0.0
link 3 theta: 0.4308956245250489 theta dot: 37.486796337891704 theta ref: 1.5707963267948966 theta dot ref: 0.0
link 4 theta: 0.0 theta dot: 0.0 theta ref: 0.0 theta dot ref: 0.0
theta ddot: [-539.08048611  280.32682311 1613.86716241] V: [12.30947034 -0.56760748  0.15301251] G: [11.1708354   5.1889447   1.18620834] M: [[0.46290538 0.30062433 0.07546463]
 [0.30062433 0.19904118 0.0505883 ]
 [0.07546463 0.0505883  0.02798312]]
link 0 theta: 0.0 theta dot: 0.0 theta ref: 0.0 theta dot ref: 0.0
link 1 theta: 0.20343903360165302 theta dot: 3.641390898034733 theta ref: 1.5707963267948966 theta dot ref: 0.0
link 2 theta: -0.45555841099369165 theta dot: -18.072597982390658 theta ref: 1.9634954084936207 theta dot ref: 0.0
link 3 theta: 0.4498407560892966 theta dot: 38.293729919099 theta ref: 1.5707963267948966 theta dot ref: 0.0
link 4 theta: 0.0 theta dot: 0.0 theta ref: 0.0 theta dot ref: 0.0
theta ddot: [-535.87911595  275.88059737 1611.96107212] V: [12.26728029 -0.49801419  0.14155877] G: [11.15852012  5.17894779  1.18350151] M: [[0.46183122 0.29988885 0.07526633]
 [0.29988885 0.19863934 0.05038738]
 [0.07526633 0.05038738 0.02798312]]
link 0 theta: 0.0 theta dot: 0.0 theta ref: 0.0 theta dot ref: 0.0
link 1 theta: 0.20519274416117678 theta dot: 3.3734513400602744 theta ref: 1.5707963267948966 theta dot ref: 0.0
link 2 theta: -0.46456022491021565 theta dot: -17.934657683705254 theta ref: 1.9634954084936207 theta dot ref: 0.0
link 3 theta: 0.4691891161828605 theta dot: 39.09971045515677 theta ref: 1.5707963267948966 theta dot ref: 0.0
link 4 theta: 0.0 theta dot: 0.0 theta ref: 0.0 theta dot ref: 0.0
theta ddot: [-532.83378653  271.87981581 1609.52829005] V: [12.2185721  -0.43229795  0.12933216] G: [11.14582724  5.16842738  1.18054595] M: [[0.46072444 0.2991221  0.07505298]
 [0.2991221  0.19821236 0.05017389]
 [0.07505298 0.05017389 0.02798312]]
link 0 theta: 0.0 theta dot: 0.0 theta ref: 0.0 theta dot ref: 0.0
link 1 theta: 0.20681286560789097 theta dot: 3.107034446796546 theta ref: 1.5707963267948966 theta dot ref: 0.0
link 2 theta: -0.47349356877509263 theta dot: -17.79871777580261 theta ref: 1.9634954084936207 theta dot ref: 0.0
link 3 theta: 0.4889401624466946 theta dot: 39.90447460017956 theta ref: 1.5707963267948966 theta dot ref: 0.0
link 4 theta: 0.0 theta dot: 0.0 theta ref: 0.0 theta dot ref: 0.0
theta ddot: [-529.88185965  268.23754902 1606.54551505] V: [12.16347531 -0.37065715  0.11651858] G: [11.13274062  5.15736408  1.1773278 ] M: [[0.4595844  0.29832298 0.07482377]
 [0.29832298 0.19775935 0.04994738]
 [0.07482377 0.04994738 0.02798312]]
link 0 theta: 0.0 theta dot: 0.0 theta ref: 0.0 theta dot ref: 0.0
link 1 theta: 0.208300147598833 theta dot: 2.8420935169715884 theta ref: 1.5707963267948966 theta dot ref: 0.0
link 2 theta: -0.48235939796936594 theta dot: -17.66459900129064 theta ref: 1.9634954084936207 theta dot ref: 0.0
link 3 theta: 0.5090932179361661 theta dot: 40.70774735770677 theta ref: 1.5707963267948966 theta dot ref: 0.0
link 4 theta: 0.0 theta dot: 0.0 theta ref: 0.0 theta dot ref: 0.0
theta ddot: [-526.96386024  264.87186601 1602.98830522] V: [12.10215737 -0.31327949  0.10331829] G: [11.11924359  5.14573828  1.17383294] M: [[0.45841045 0.29749039 0.0745779 ]
 [0.29749039 0.19727946 0.04970744]
 [0.0745779  0.04970744 0.02798312]]
link 0 theta: 0.0 theta dot: 0.0 theta ref: 0.0 theta dot ref: 0.0
link 1 theta: 0.20965532387478905 theta dot: 2.578611586852603 theta ref: 1.5707963267948966 theta dot ref: 0.0
link 2 theta: -0.49115858848675975 theta dot: -17.5321630682845 theta ref: 1.9634954084936207 theta dot ref: 0.0
link 3 theta: 0.5296474651531718 theta dot: 41.50924151031613 theta ref: 1.5707963267948966 theta dot ref: 0.0
link 4 theta: 0.0 theta dot: 0.0 theta ref: 0.0 theta dot ref: 0.0
theta ddot: [-524.02321133  261.70526852 1598.83149928] V: [12.03482402 -0.26033982  0.08994501] G: [11.10531898  5.13353019  1.17004707] M: [[0.45720199 0.2966232  0.07431456]
 [0.2966232  0.19677184 0.04945363]
 [0.07431456 0.04945363 0.02798312]]
link 0 theta: 0.0 theta dot: 0.0 theta ref: 0.0 theta dot ref: 0.0
link 1 theta: 0.2108791267667994 theta dot: 2.316599981188844 theta ref: 1.5707963267948966 theta dot ref: 0.0
link 2 theta: -0.49989195686233695 theta dot: -17.401310434024325 theta ref: 1.9634954084936207 theta dot ref: 0.0
link 3 theta: 0.5506019398457398 theta dot: 42.30865725995575 theta ref: 1.5707963267948966 theta dot ref: 0.0
link 4 theta: 0.0 theta dot: 0.0 theta ref: 0.0 theta dot ref: 0.0
theta ddot: [-521.00609562  258.66431244 1594.04965552] V: [11.96171932 -0.21199802  0.0766247 ] G: [11.09094914  5.1207199   1.16595569] M: [[0.45595839 0.29572031 0.07403292]
 [0.29572031 0.19623567 0.04918554]
 [0.07403292 0.04918554 0.02798312]]
link 0 theta: 0.0 theta dot: 0.0 theta ref: 0.0 theta dot ref: 0.0
link 1 theta: 0.21197230099544084 theta dot: 2.056096933376969 theta ref: 1.5707963267948966 theta dot ref: 0.0
link 2 theta: -0.5085602790402944 theta dot: -17.271978277805758 theta ref: 1.9634954084936207 theta dot ref: 0.0
link 3 theta: 0.5719555246826574 theta dot: 43.105682087714754 theta ref: 1.5707963267948966 theta dot ref: 0.0
link 4 theta: 0.0 theta dot: 0.0 theta ref: 0.0 theta dot ref: 0.0
theta ddot: [-517.86142999  255.67939499 1588.6175113 ] V: [11.8831252  -0.16839674  0.06359399] G: [11.07611596  5.10728735  1.16154416] M: [[0.45467908 0.29478062 0.07373215]
 [0.29478062 0.19567013 0.04890277]
 [0.07373215 0.04890277 0.02798312]]
link 0 theta: 0.0 theta dot: 0.0 theta ref: 0.0 theta dot ref: 0.0
link 1 theta: 0.2129356167833802 theta dot: 1.7971662183803865 theta ref: 1.5707963267948966 theta dot ref: 0.0
link 2 theta: -0.5171643082548235 theta dot: -17.144138580310724 theta ref: 1.9634954084936207 theta dot ref: 0.0
link 3 theta: 0.5937069429154269 theta dot: 43.89999084336343 theta ref: 1.5707963267948966 theta dot ref: 0.0
link 4 theta: 0.0 theta dot: 0.0 theta ref: 0.0 theta dot ref: 0.0
theta ddot: [-507.09724539  338.72362663 1192.20071796] V: [11.79936071 -0.12965929  0.05109849] G: [11.06080087  5.09321244  1.1567977 ] M: [[0.45336345 0.29380303 0.07341144]
 [0.29380303 0.19507444 0.04860493]
 [0.07341144 0.04860493 0.02798312]]
link 0 theta: 0.0 theta dot: 0.0 theta ref: 0.0 theta dot ref: 0.0
link 1 theta: 0.2137708127368969 theta dot: 1.5436175956864702 theta ref: 1.5707963267948966 theta dot ref: 0.0
link 2 theta: -0.5256940370916507 theta dot: -16.974776766998204 theta ref: 1.9634954084936207 theta dot ref: 0.0
link 3 theta: 0.6158059634268539 theta dot: 44.49609120234439 theta ref: 1.5707963267948966 theta dot ref: 0.0
link 4 theta: 0.0 theta dot: 0.0 theta ref: 0.0 theta dot ref: 0.0
theta ddot: [-425.95764666  743.33097483 -927.82512334] V: [11.65169146 -0.0963519   0.03957667] G: [11.04501191  5.07850319  1.15171485] M: [[0.4520133  0.29278841 0.07307075]
 [0.29278841 0.19444925 0.04829234]
 [0.07307075 0.04829234 0.02798312]]
link 0 theta: 0.0 theta dot: 0.0 theta ref: 0.0 theta dot ref: 0.0
link 1 theta: 0.21448937682890792 theta dot: 1.3306387723575623 theta ref: 1.5707963267948966 theta dot ref: 0.0
link 2 theta: -0.5340885091032961 theta dot: -16.60311127958336 theta ref: 1.9634954084936207 theta dot ref: 0.0
link 3 theta: 0.6379380308876087 theta dot: 44.032178640674736 theta ref: 1.5707963267948966 theta dot ref: 0.0
link 4 theta: 0.0 theta dot: 0.0 theta ref: 0.0 theta dot ref: 0.0
theta ddot: [-364.11206781  646.69774902 -919.21691713] V: [11.22307907 -0.07208641  0.03080086] G: [11.02890356  5.06332711  1.14637352] M: [[0.45064294 0.29174848 0.07271465]
 [0.29174848 0.19380325 0.04796933]
 [0.07271465 0.04796933 0.02798312]]
link 0 theta: 0.0 theta dot: 0.0 theta ref: 0.0 theta dot ref: 0.0
link 1 theta: 0.21510918220661054 theta dot: 1.1485827384529554 theta ref: 1.5707963267948966 theta dot ref: 0.0
link 2 theta: -0.54230922752446 theta dot: -16.27976240507226 theta ref: 1.9634954084936207 theta dot ref: 0.0
link 3 theta: 0.6598392180933044 theta dot: 43.572570182107846 theta ref: 1.5707963267948966 theta dot ref: 0.0
link 4 theta: 0.0 theta dot: 0.0 theta ref: 0.0 theta dot ref: 0.0
theta ddot: [-311.87481927  564.84744908 -911.64757505] V: [10.85963329 -0.05405596  0.02396817] G: [11.01261144  5.04784159  1.14085408] M: [[0.44926461 0.29069398 0.07234778]
 [0.29069398 0.19314471 0.04764006]
 [0.07234778 0.04764006 0.02798312]]
link 0 theta: 0.0 theta dot: 0.0 theta ref: 0.0 theta dot ref: 0.0
link 1 theta: 0.2156444892234281 theta dot: 0.992645328817273 theta ref: 1.5707963267948966 theta dot ref: 0.0
link 2 theta: -0.5503785027958611 theta dot: -15.99733868053212 theta ref: 1.9634954084936207 theta dot ref: 0.0
link 3 theta: 0.6815115472374775 theta dot: 43.11674639458467 theta ref: 1.5707963267948966 theta dot ref: 0.0
link 4 theta: 0.0 theta dot: 0.0 theta ref: 0.0 theta dot ref: 0.0
